0000010
100111011110010111001001110
111011011010
0110011110100111011
10100100011110100101011101001
10011111011110
0000101111101011011
00001111100100010
110011001
111011110
00011011100001100101111100101101010100011110101111110
111110101001110110101000
1111111111111111111111111111111111111111111111111111111111111111111111111111111111111111111111111111111111111111111111111111111111111111111111111111111111111111111111111111111111111111111111111111111111111111111111111111111111111111111111111111111111111111111111111111111111111111111111111111111111111111111111111111111111111
111111100011010011000100110110101110111100100101000100000100000111111101010010110010100011101001101110010110011101100111011011011000
10110010
10110010101100101011001010110010101100101011001010110010101100101011001010110010
010
010010010010010010010010010010
