11101111100010001101101
1110010000100011110
111001011111111011011010000100011110
11000101101
100111011010
111001011111111011011111101000010
1010001010010101000
1010011001101000101000
1010011001110100010001001100
11111
101000101101000100
1111001101
10100110011101000100000101001100
10100010101001010001010001110
11111
101000101101000100
1111001101
10100110011101000100000101001100
10100010101001010001010001110
1010001010010101000
1010011001101000101000
1010011001110100010001001100
11011111101011111101001111100111
100111011010
01011111101010001010
11011111111110
00011111101110110001001100
110011110
100111011111111001
10110111110101111000
01101110010111111110001
111110111111000110101000
