Log10 Density    Temperature
----------------------------
-31.0000         2449.7310
-18.9996         4196.2167
-18.6985         4271.8701
-18.5224         4317.3771
-18.3975         4350.2454
-18.3006         4376.0797
-18.2214         4397.4122
-18.1545         4415.6082
-18.0965         4431.4900
-18.0453         4445.5919
-17.9996         4458.2812
-17.9582         4469.8214
-17.9204         4480.4079
-17.8856         4490.1901
-17.8534         4499.2843
-17.8235         4507.7834
-17.7954         4515.7622
-17.7691         4523.2824
-17.7443         4530.3951
-17.7208         4537.1434
-17.6985         4543.5636
-17.6773         4549.6871
-17.6571         4555.5407
-17.6378         4561.1479
-17.6194         4566.5291
-17.6016         4571.7023
-17.5846         4576.6834
-17.5682         4581.4865
-17.5524         4586.1242
-17.5372         4590.6080
-17.5224         4594.9478
-17.5082         4599.1530
-17.4944         4603.2319
-17.4811         4607.1920
-17.4681         4611.0402
-17.4555         4614.7830
-17.4433         4618.4260
-17.4314         4621.9745
-17.4198         4625.4336
-17.4085         4628.8077
-17.3975         4632.1009
-17.3868         4635.3173
-17.3763         4638.4604
-17.3661         4641.5336
-17.3561         4644.5399
-17.3464         4647.4824
-17.3368         4650.3638
-17.3275         4653.1865
-17.3183         4655.9531
-17.3094         4658.6658
-17.3006         4661.3266
-17.2920         4663.9377
-17.2836         4666.5008
-17.2753         4669.0178
-17.2672         4671.4903
-17.2592         4673.9199
-17.2514         4676.3082
-17.2437         4678.6565
-17.2361         4680.9662
-17.2287         4683.2387
-17.2214         4685.4750
-17.2142         4687.6764
-17.2072         4689.8440
-17.2002         4691.9788
-17.1934         4694.0819
-17.1867         4696.1541
-17.1800         4698.1965
-17.1735         4700.2099
-17.1671         4702.1950
-17.1607         4704.1528
-17.1545         4706.0840
-17.1483         4707.9893
-17.1422         4709.8695
-17.1362         4711.7251
-17.1303         4713.5570
-17.1245         4715.3655
-17.1188         4717.1515
-17.1131         4718.9154
-17.1075         4720.6578
-17.1019         4722.3793
-17.0965         4724.0803
-17.0911         4725.7614
-17.0858         4727.4229
-17.0805         4729.0655
-17.0753         4730.6895
-17.0701         4732.2953
-17.0651         4733.8834
-17.0600         4735.4542
-17.0551         4737.0080
-17.0502         4738.5453
-17.0453         4740.0663
-17.0405         4741.5715
-17.0358         4743.0611
-17.0311         4744.5355
-17.0264         4745.9951
-17.0218         4747.4400
-17.0173         4748.8707
-17.0128         4750.2874
-17.0083         4751.6904
-17.0039         4753.0799
-16.9996         4754.4562
-16.9952         4755.8196
-16.9910         4757.1704
-16.9867         4758.5087
-16.9825         4759.8348
-16.9784         4761.1489
-16.9743         4762.4512
-16.9702         4763.7421
-16.9661         4765.0215
-16.9621         4766.2899
-16.9582         4767.5473
-16.9542         4768.7940
-16.9503         4770.0301
-16.9465         4771.2559
-16.9427         4772.4715
-16.9389         4773.6770
-16.9351         4774.8727
-16.9314         4776.0588
-16.9277         4777.2353
-16.9240         4778.4024
-16.9204         4779.5603
-16.9168         4780.7091
-16.9132         4781.8491
-16.9097         4782.9802
-16.9061         4784.1027
-16.9027         4785.2167
-16.8992         4786.3223
-16.8958         4787.4197
-16.8924         4788.5089
-16.8890         4789.5902
-16.8856         4790.6636
-16.8823         4791.7292
-16.8790         4792.7872
-16.8757         4793.8376
-16.8725         4794.8806
-16.8692         4795.9163
-16.8660         4796.9448
-16.8628         4797.9662
-16.8597         4798.9806
-16.8566         4799.9880
-16.8534         4800.9887
-16.8503         4801.9826
-16.8473         4802.9699
-16.8442         4803.9507
-16.8412         4804.9250
-16.8382         4805.8930
-16.8352         4806.8547
-16.8322         4807.8102
-16.8293         4808.7596
-16.8264         4809.7029
-16.8235         4810.6404
-16.8206         4811.5719
-16.8177         4812.4976
-16.8149         4813.4176
-16.8120         4814.3320
-16.8092         4815.2408
-16.8064         4816.1440
-16.8037         4817.0418
-16.8009         4817.9343
-16.7982         4818.8214
-16.7954         4819.7033
-16.7927         4820.5800
-16.7901         4821.4516
-16.7874         4822.3181
-16.7847         4823.1797
-16.7821         4824.0362
-16.7795         4824.8880
-16.7768         4825.7348
-16.7743         4826.5770
-16.7717         4827.4144
-16.7691         4828.2471
-16.7666         4829.0752
-16.7640         4829.8988
-16.7615         4830.7179
-16.7590         4831.5326
-16.7565         4832.3428
-16.7541         4833.1487
-16.7516         4833.9502
-16.7491         4834.7476
-16.7467         4835.5407
-16.7443         4836.3296
-16.7419         4837.1144
-16.7395         4837.8952
-16.7371         4838.6719
-16.7347         4839.4446
-16.7324         4840.2133
-16.7301         4840.9782
-16.7277         4841.7392
-16.7254         4842.4964
-16.7231         4843.2497
-16.7208         4843.9994
-16.7185         4844.7453
-16.7163         4845.4875
-16.7140         4846.2262
-16.7118         4846.9612
-16.7095         4847.6926
-16.7073         4848.4206
-16.7051         4849.1450
-16.7029         4849.8660
-16.7007         4850.5835
-16.6985         4851.2977
-16.6964         4852.0085
-16.6942         4852.7160
-16.6921         4853.4201
-16.6899         4854.1211
-16.6878         4854.8188
-16.6857         4855.5132
-16.6836         4856.2046
-16.6815         4856.8927
-16.6794         4857.5778
-16.6773         4858.2598
-16.6753         4858.9387
-16.6732         4859.6146
-16.6712         4860.2876
-16.6692         4860.9575
-16.6671         4861.6245
-16.6651         4862.2886
-16.6631         4862.9497
-16.6611         4863.6081
-16.6591         4864.2635
-16.6571         4864.9162
-16.6552         4865.5661
-16.6532         4866.2132
-16.6513         4866.8576
-16.6493         4867.4992
-16.6474         4868.1382
-16.6455         4868.7745
-16.6435         4869.4081
-16.6416         4870.0391
-16.6397         4870.6675
-16.6378         4871.2934
-16.6360         4871.9166
-16.6341         4872.5374
-16.6322         4873.1556
-16.6303         4873.7713
-16.6285         4874.3846
-16.6267         4874.9954
-16.6248         4875.6037
-16.6230         4876.2097
-16.6212         4876.8132
-16.6194         4877.4144
-16.6175         4878.0132
-16.6158         4878.6097
-16.6140         4879.2039
-16.6122         4879.7958
-16.6104         4880.3854
-16.6086         4880.9727
-16.6069         4881.5578
-16.6051         4882.1406
-16.6034         4882.7212
-16.6016         4883.2997
-16.5999         4883.8760
-16.5982         4884.4501
-16.5964         4885.0221
-16.5947         4885.5919
-16.5930         4886.1596
-16.5913         4886.7253
-16.5896         4887.2888
-16.5879         4887.8503
-16.5863         4888.4098
-16.5846         4888.9672
-16.5829         4889.5226
-16.5813         4890.0760
-16.5796         4890.6275
-16.5780         4891.1769
-16.5763         4891.7244
-16.5747         4892.2699
-16.5731         4892.8136
-16.5714         4893.3553
-16.5698         4893.8951
-16.5682         4894.4330
-16.5666         4894.9690
-16.5650         4895.5032
-16.5634         4896.0355
-16.5618         4896.5660
-16.5602         4897.0947
-16.5587         4897.6216
-16.5571         4898.1467
-16.5555         4898.6700
-16.5540         4899.1915
-16.5524         4899.7113
-16.5509         4900.2293
-16.5493         4900.7456
-16.5478         4901.2601
-16.5462         4901.7730
-16.5447         4902.2841
-16.5432         4902.7936
-16.5417         4903.3014
-16.5402         4903.8075
-16.5387         4904.3120
-16.5372         4904.8149
-16.5357         4905.3161
-16.5342         4905.8157
-16.5327         4906.3136
-16.5312         4906.8100
-16.5297         4907.3048
-16.5283         4907.7980
-16.5268         4908.2897
-16.5253         4908.7798
-16.5239         4909.2683
-16.5224         4909.7553
-16.5210         4910.2408
-16.5196         4910.7247
-16.5181         4911.2072
-16.5167         4911.6882
-16.5153         4912.1676
-16.5138         4912.6456
-16.5124         4913.1222
-16.5110         4913.5972
-16.5096         4914.0708
-16.5082         4914.5430
-16.5068         4915.0137
-16.5054         4915.4831
-16.5040         4915.9510
-16.5026         4916.4175
-16.5013         4916.8826
-16.4999         4917.3463
-16.4985         4917.8086
-16.4971         4918.2696
-16.4958         4918.7292
-16.4944         4919.1874
-16.4931         4919.6443
-16.4917         4920.0998
-16.4904         4920.5541
-16.4890         4921.0070
-16.4877         4921.4586
-16.4863         4921.9088
-16.4850         4922.3578
-16.4837         4922.8055
-16.4824         4923.2519
-16.4811         4923.6971
-16.4797         4924.1409
-16.4784         4924.5835
-16.4771         4925.0249
-16.4758         4925.4650
-16.4745         4925.9038
-16.4732         4926.3415
-16.4719         4926.7779
-16.4706         4927.2131
-16.4694         4927.6470
-16.4681         4928.0798
-16.4668         4928.5114
-16.4655         4928.9418
-16.4643         4929.3710
-16.4630         4929.7990
-16.4617         4930.2259
-16.4605         4930.6515
-16.4592         4931.0761
-16.4580         4931.4995
-16.4567         4931.9217
-16.4555         4932.3428
-16.4543         4932.7628
-16.4530         4933.1816
-16.4518         4933.5994
-16.4506         4934.0160
-16.4493         4934.4315
-16.4481         4934.8459
-16.4469         4935.2592
-16.4457         4935.6714
-16.4445         4936.0826
-16.4433         4936.4926
-16.4421         4936.9016
-16.4409         4937.3096
-16.4397         4937.7164
-16.4385         4938.1222
-16.4373         4938.5270
-16.4361         4938.9307
-16.4349         4939.3334
-16.4337         4939.7351
-16.4325         4940.1357
-16.4314         4940.5353
-16.4302         4940.9339
-16.4290         4941.3315
-16.4279         4941.7280
-16.4267         4942.1236
-16.4255         4942.5182
-16.4244         4942.9118
-16.4232         4943.3044
-16.4221         4943.6960
-16.4209         4944.0867
-16.4198         4944.4764
-16.4186         4944.8651
-16.4175         4945.2528
-16.4164         4945.6397
-16.4152         4946.0255
-16.4141         4946.4104
-16.4130         4946.7944
-16.4119         4947.1774
-16.4107         4947.5595
-16.4096         4947.9407
-16.4085         4948.3210
-16.4074         4948.7003
-16.4063         4949.0787
-16.4052         4949.4563
-16.4041         4949.8329
-16.4030         4950.2086
-16.4019         4950.5834
-16.4008         4950.9574
-16.3997         4951.3304
-16.3986         4951.7026
-16.3975         4952.0739
-16.3964         4952.4443
-16.3953         4952.8138
-16.3943         4953.1825
-16.3932         4953.5503
-16.3921         4953.9173
-16.3910         4954.2834
-16.3900         4954.6487
-16.3889         4955.0131
-16.3878         4955.3767
-16.3868         4955.7394
-16.3857         4956.1014
-16.3847         4956.4624
-16.3836         4956.8227
-16.3826         4957.1822
-16.3815         4957.5408
-16.3805         4957.8986
-16.3794         4958.2556
-16.3784         4958.6118
-16.3774         4958.9672
-16.3763         4959.3218
-16.3753         4959.6756
-16.3743         4960.0286
-16.3732         4960.3809
-16.3722         4960.7323
-16.3712         4961.0830
-16.3702         4961.4329
-16.3691         4961.7820
-16.3681         4962.1303
-16.3671         4962.4779
-16.3661         4962.8248
-16.3651         4963.1708
-16.3641         4963.5161
-16.3631         4963.8607
-16.3621         4964.2045
-16.3611         4964.5476
-16.3601         4964.8899
-16.3591         4965.2315
-16.3581         4965.5723
-16.3571         4965.9125
-16.3561         4966.2519
-16.3551         4966.5905
-16.3541         4966.9285
-16.3532         4967.2657
-16.3522         4967.6022
-16.3512         4967.9380
-16.3502         4968.2731
-16.3493         4968.6075
-16.3483         4968.9411
-16.3473         4969.2741
-16.3464         4969.6064
-16.3454         4969.9380
-16.3444         4970.2689
-16.3435         4970.5991
-16.3425         4970.9286
-16.3416         4971.2574
-16.3406         4971.5856
-16.3396         4971.9131
-16.3387         4972.2399
-16.3378         4972.5660
-16.3368         4972.8915
-16.3359         4973.2163
-16.3349         4973.5404
-16.3340         4973.8639
-16.3330         4974.1868
-16.3321         4974.5089
-16.3312         4974.8304
-16.3302         4975.1513
-16.3293         4975.4715
-16.3284         4975.7911
-16.3275         4976.1101
-16.3265         4976.4284
-16.3256         4976.7460
-16.3247         4977.0631
-16.3238         4977.3795
-16.3229         4977.6952
-16.3220         4978.0104
-16.3210         4978.3249
-16.3201         4978.6388
-16.3192         4978.9521
-16.3183         4979.2648
-16.3174         4979.5769
-16.3165         4979.8883
-16.3156         4980.1992
-16.3147         4980.5094
-16.3138         4980.8191
-16.3129         4981.1281
-16.3120         4981.4365
-16.3111         4981.7444
-16.3103         4982.0516
-16.3094         4982.3583
-16.3085         4982.6644
-16.3076         4982.9699
-16.3067         4983.2748
-16.3058         4983.5791
-16.3050         4983.8828
-16.3041         4984.1860
-16.3032         4984.4886
-16.3023         4984.7906
-16.3015         4985.0920
-16.3006         4985.3929
-16.2997         4985.6932
-16.2989         4985.9930
-16.2980         4986.2922
-16.2971         4986.5908
-16.2963         4986.8889
-16.2954         4987.1864
-16.2946         4987.4834
-16.2937         4987.7798
-16.2928         4988.0757
-16.2920         4988.3710
-16.2911         4988.6657
-16.2903         4988.9600
-16.2894         4989.2537
-16.2886         4989.5468
-16.2878         4989.8394
-16.2869         4990.1315
-16.2861         4990.4231
-16.2852         4990.7141
-16.2844         4991.0046
-16.2836         4991.2946
-16.2827         4991.5840
-16.2819         4991.8729
-16.2811         4992.1613
-16.2802         4992.4492
-16.2794         4992.7366
-16.2786         4993.0234
-16.2778         4993.3098
-16.2769         4993.5956
-16.2761         4993.8809
-16.2753         4994.1657
-16.2745         4994.4500
-16.2737         4994.7338
-16.2728         4995.0171
-16.2720         4995.2999
-16.2712         4995.5822
-16.2704         4995.8640
-16.2696         4996.1454
-16.2688         4996.4262
-16.2680         4996.7065
-16.2672         4996.9864
-16.2664         4997.2657
-16.2656         4997.5446
-16.2648         4997.8230
-16.2640         4998.1009
-16.2632         4998.3783
-16.2624         4998.6552
-16.2616         4998.9317
-16.2608         4999.2077
-16.2600         4999.4832
-16.2592         4999.7583
-16.2584         5000.0328
-16.2576         5000.3069
-16.2568         5000.5806
-16.2561         5000.8538
-16.2553         5001.1265
-16.2545         5001.3987
-16.2537         5001.6705
-16.2529         5001.9418
-16.2522         5002.2127
-16.2514         5002.4831
-16.2506         5002.7531
-16.2498         5003.0226
-16.2491         5003.2917
-16.2483         5003.5603
-16.2475         5003.8285
-16.2467         5004.0962
-16.2460         5004.3634
-16.2452         5004.6303
-16.2445         5004.8967
-16.2437         5005.1626
-16.2429         5005.4281
-16.2422         5005.6932
-16.2414         5005.9578
-16.2407         5006.2220
-16.2399         5006.4858
-16.2391         5006.7492
-16.2384         5007.0121
-16.2376         5007.2745
-16.2369         5007.5366
-16.2361         5007.7982
-16.2354         5008.0594
-16.2346         5008.3202
-16.2339         5008.5806
-16.2332         5008.8405
-16.2324         5009.1000
-16.2317         5009.3591
-16.2309         5009.6178
-16.2302         5009.8761
-16.2295         5010.1340
-16.2287         5010.3914
-16.2280         5010.6485
-16.2272         5010.9051
-16.2265         5011.1613
-16.2258         5011.4171
-16.2250         5011.6726
-16.2243         5011.9276
-16.2236         5012.1822
-16.2229         5012.4364
-16.2221         5012.6902
-16.2214         5012.9436
-16.2207         5013.1966
-16.2200         5013.4492
-16.2192         5013.7015
-16.2185         5013.9533
-16.2178         5014.2047
-16.2171         5014.4558
-16.2164         5014.7064
-16.2157         5014.9567
-16.2149         5015.2066
-16.2142         5015.4561
-16.2135         5015.7052
-16.2128         5015.9539
-16.2121         5016.2023
-16.2114         5016.4502
-16.2107         5016.6978
-16.2100         5016.9450
-16.2093         5017.1918
-16.2086         5017.4383
-16.2079         5017.6844
-16.2072         5017.9301
-16.2065         5018.1754
-16.2058         5018.4204
-16.2051         5018.6650
-16.2044         5018.9092
-16.2037         5019.1530
-16.2030         5019.3965
-16.2023         5019.6397
-16.2016         5019.8824
-16.2009         5020.1248
-16.2002         5020.3668
-16.1995         5020.6085
-16.1988         5020.8498
-16.1982         5021.0908
-16.1975         5021.3314
-16.1968         5021.5716
-16.1961         5021.8115
-16.1954         5022.0510
-16.1947         5022.2902
-16.1941         5022.5290
-16.1934         5022.7675
-16.1927         5023.0056
-16.1920         5023.2434
-16.1914         5023.4808
-16.1907         5023.7179
-16.1900         5023.9546
-16.1893         5024.1910
-16.1887         5024.4270
-16.1880         5024.6627
-16.1873         5024.8981
-16.1867         5025.1331
-16.1860         5025.3678
-16.1853         5025.6021
-16.1847         5025.8361
-16.1840         5026.0698
-16.1833         5026.3031
-16.1827         5026.5361
-16.1820         5026.7687
-16.1813         5027.0011
-16.1807         5027.2331
-16.1800         5027.4647
-16.1794         5027.6961
-16.1787         5027.9271
-16.1781         5028.1577
-16.1774         5028.3881
-16.1767         5028.6181
-16.1761         5028.8478
-16.1754         5029.0772
-16.1748         5029.3062
-16.1741         5029.5349
-16.1735         5029.7634
-16.1728         5029.9914
-16.1722         5030.2192
-16.1716         5030.4467
-16.1709         5030.6738
-16.1703         5030.9006
-16.1696         5031.1271
-16.1690         5031.3533
-16.1683         5031.5791
-16.1677         5031.8047
-16.1671         5032.0299
-16.1664         5032.2549
-16.1658         5032.4795
-16.1651         5032.7038
-16.1645         5032.9278
-16.1639         5033.1515
-16.1632         5033.3749
-16.1626         5033.5980
-16.1620         5033.8207
-16.1613         5034.0432
-16.1607         5034.2654
-16.1601         5034.4873
-16.1595         5034.7088
-16.1588         5034.9301
-16.1582         5035.1510
-16.1576         5035.3717
-16.1570         5035.5921
-16.1563         5035.8121
-16.1557         5036.0319
-16.1551         5036.2514
-16.1545         5036.4706
-16.1538         5036.6895
-16.1532         5036.9080
-16.1526         5037.1263
-16.1520         5037.3444
-16.1514         5037.5621
-16.1508         5037.7795
-16.1501         5037.9966
-16.1495         5038.2135
-16.1489         5038.4300
-16.1483         5038.6463
-16.1477         5038.8623
-16.1471         5039.0780
-16.1465         5039.2934
-16.1459         5039.5086
-16.1453         5039.7234
-16.1447         5039.9380
-16.1440         5040.1523
-16.1434         5040.3663
-16.1428         5040.5800
-16.1422         5040.7934
-16.1416         5041.0066
-16.1410         5041.2195
-16.1404         5041.4321
-16.1398         5041.6444
-16.1392         5041.8565
-16.1386         5042.0683
-16.1380         5042.2798
-16.1374         5042.4910
-16.1368         5042.7020
-16.1362         5042.9127
-16.1356         5043.1231
-16.1351         5043.3333
-16.1345         5043.5431
-16.1339         5043.7528
-16.1333         5043.9621
-16.1327         5044.1712
-16.1321         5044.3800
-16.1315         5044.5885
-16.1309         5044.7968
-16.1303         5045.0048
-16.1297         5045.2126
-16.1292         5045.4200
-16.1286         5045.6273
-16.1280         5045.8342
-16.1274         5046.0409
-16.1268         5046.2474
-16.1262         5046.4535
-16.1257         5046.6595
-16.1251         5046.8651
-16.1245         5047.0705
-16.1239         5047.2757
-16.1233         5047.4806
-16.1228         5047.6852
-16.1222         5047.8896
-16.1216         5048.0937
-16.1210         5048.2975
-16.1205         5048.5012
-16.1199         5048.7045
-16.1193         5048.9076
-16.1188         5049.1105
-16.1182         5049.3131
-16.1176         5049.5155
-16.1170         5049.7176
-16.1165         5049.9194
-16.1159         5050.1210
-16.1153         5050.3224
-16.1148         5050.5235
-16.1142         5050.7244
-16.1136         5050.9250
-16.1131         5051.1254
-16.1125         5051.3255
-16.1119         5051.5254
-16.1114         5051.7250
-16.1108         5051.9244
-16.1103         5052.1236
-16.1097         5052.3225
-16.1091         5052.5212
-16.1086         5052.7196
-16.1080         5052.9178
-16.1075         5053.1158
-16.1069         5053.3135
-16.1064         5053.5110
-16.1058         5053.7082
-16.1052         5053.9052
-16.1047         5054.1020
-16.1041         5054.2986
-16.1036         5054.4949
-16.1030         5054.6909
-16.1025         5054.8868
-16.1019         5055.0824
-16.1014         5055.2777
-16.1008         5055.4729
-16.1003         5055.6678
-16.0997         5055.8624
-16.0992         5056.0569
-16.0987         5056.2511
-16.0981         5056.4451
-16.0976         5056.6388
-16.0970         5056.8324
-16.0965         5057.0257
-16.0959         5057.2187
-16.0954         5057.4116
-16.0948         5057.6042
-16.0943         5057.7966
-16.0938         5057.9888
-16.0932         5058.1807
-16.0927         5058.3724
-16.0922         5058.5639
-16.0916         5058.7552
-16.0911         5058.9463
-16.0905         5059.1371
-16.0900         5059.3277
-16.0895         5059.5181
-16.0889         5059.7083
-16.0884         5059.8982
-16.0879         5060.0879
-16.0873         5060.2774
-16.0868         5060.4667
-16.0863         5060.6558
-16.0858         5060.8447
-16.0852         5061.0333
-16.0847         5061.2217
-16.0842         5061.4100
-16.0836         5061.5980
-16.0831         5061.7857
-16.0826         5061.9733
-16.0821         5062.1607
-16.0815         5062.3478
-16.0810         5062.5347
-16.0805         5062.7215
-16.0800         5062.9080
-16.0794         5063.0943
-16.0789         5063.2803
-16.0784         5063.4662
-16.0779         5063.6519
-16.0774         5063.8373
-16.0768         5064.0226
-16.0763         5064.2076
-16.0758         5064.3925
-16.0753         5064.5771
-16.0748         5064.7615
-16.0743         5064.9457
-16.0737         5065.1297
-16.0732         5065.3135
-16.0727         5065.4971
-16.0722         5065.6805
-16.0717         5065.8637
-16.0712         5066.0467
-16.0707         5066.2295
-16.0701         5066.4121
-16.0696         5066.5945
-16.0691         5066.7766
-16.0686         5066.9586
-16.0681         5067.1404
-16.0676         5067.3220
-16.0671         5067.5034
-16.0666         5067.6845
-16.0661         5067.8655
-16.0656         5068.0463
-16.0651         5068.2269
-16.0646         5068.4073
-16.0641         5068.5875
-16.0636         5068.7675
-16.0631         5068.9473
-16.0625         5069.1269
-16.0620         5069.3063
-16.0615         5069.4855
-16.0610         5069.6645
-16.0605         5069.8433
-16.0600         5070.0220
-16.0595         5070.2004
-16.0590         5070.3786
-16.0586         5070.5567
-16.0581         5070.7346
-16.0576         5070.9122
-16.0571         5071.0897
-16.0566         5071.2670
-16.0561         5071.4441
-16.0556         5071.6210
-16.0551         5071.7977
-16.0546         5071.9743
-16.0541         5072.1506
-16.0536         5072.3268
-16.0531         5072.5027
-16.0526         5072.6785
-16.0521         5072.8541
-16.0516         5073.0295
-16.0512         5073.2047
-16.0507         5073.3798
-16.0502         5073.5546
-16.0497         5073.7293
-16.0492         5073.9038
-16.0487         5074.0781
-16.0482         5074.2522
-16.0477         5074.4261
-16.0473         5074.5999
-16.0468         5074.7735
-16.0463         5074.9468
-16.0458         5075.1201
-16.0453         5075.2931
-16.0448         5075.4659
-16.0444         5075.6386
-16.0439         5075.8111
-16.0434         5075.9834
-16.0429         5076.1555
-16.0424         5076.3274
-16.0420         5076.4992
-16.0415         5076.6708
-16.0410         5076.8422
-16.0405         5077.0135
-16.0400         5077.1845
-16.0396         5077.3554
-16.0391         5077.5261
-16.0386         5077.6966
-16.0381         5077.8670
-16.0377         5078.0372
-16.0372         5078.2072
-16.0367         5078.3770
-16.0362         5078.5467
-16.0358         5078.7162
-16.0353         5078.8855
-16.0348         5079.0546
-16.0344         5079.2236
-16.0339         5079.3924
-16.0334         5079.5610
-16.0330         5079.7294
-16.0325         5079.8977
-16.0320         5080.0658
-16.0315         5080.2338
-16.0311         5080.4015
-16.0306         5080.5691
-16.0301         5080.7366
-16.0297         5080.9038
-16.0292         5081.0709
-16.0288         5081.2379
-16.0283         5081.4046
-16.0278         5081.5712
-16.0274         5081.7376
-16.0269         5081.9039
-16.0264         5082.0700
-16.0260         5082.2359
-16.0255         5082.4017
-16.0251         5082.5673
-16.0246         5082.7327
-16.0241         5082.8980
-16.0237         5083.0631
-16.0232         5083.2280
-16.0228         5083.3928
-16.0223         5083.5574
-16.0218         5083.7218
-16.0214         5083.8861
-16.0209         5084.0502
-16.0205         5084.2142
-16.0200         5084.3780
-16.0196         5084.5416
-16.0191         5084.7051
-16.0187         5084.8684
-16.0182         5085.0316
-16.0177         5085.1946
-16.0173         5085.3574
-16.0168         5085.5201
-16.0164         5085.6826
-16.0159         5085.8449
-16.0155         5086.0071
-16.0150         5086.1692
-16.0146         5086.3311
-16.0141         5086.4928
-16.0137         5086.6544
-16.0132         5086.8158
-16.0128         5086.9770
-16.0123         5087.1381
-16.0119         5087.2991
-16.0115         5087.4599
-16.0110         5087.6205
-16.0106         5087.7810
-16.0101         5087.9413
-16.0097         5088.1015
-16.0092         5088.2615
-16.0088         5088.4213
-16.0083         5088.5810
-16.0079         5088.7406
-16.0075         5088.9000
-16.0070         5089.0592
-16.0066         5089.2183
-16.0061         5089.3773
-16.0057         5089.5361
-16.0052         5089.6947
-16.0048         5089.8532
-16.0044         5090.0116
-16.0039         5090.1697
-16.0035         5090.3278
-16.0031         5090.4857
-16.0026         5090.6434
-16.0022         5090.8010
-16.0017         5090.9584
-16.0013         5091.1157
-16.0009         5091.2729
-16.0004         5091.4299
-16.0000         5091.5867
