 5.5665 51.1630 54.7430 67.1437  3.1266  2.0420  1.4063 
 0.8195 36.4594 82.0043 24.9975  1.6154  3.5466  3.3246 
 3.8497 78.2031 70.9119 22.0285  2.6675  2.1733  3.7810 
 2.1619 18.4564  1.9587 57.6999  2.8167  2.1348  2.9491 
 0.0585 74.3854 17.0723 40.0431  0.3327  0.8636  4.6847 
 7.0136 32.6264 92.3785  9.0908  1.8374  3.9191  1.2107 
 2.9721 20.4873 94.6007 78.0706  4.9739  4.5327  1.5453 
 0.1469 61.9846 99.1378 98.7029  2.1679  3.5307  1.3270 
 6.6932 30.6130 46.3013 90.5495  4.1335  2.6355  3.2221 
 9.5209 28.1715 70.5195 59.1865  0.1918  4.5176  4.2973 
 0.6921  3.6458 98.4415 27.0665  1.7719  2.6884  1.4236 
 3.9702 32.9080 46.9385 17.7228  2.3622  3.2810  2.7096 
 7.1455 80.3691 10.9326 96.0938  4.4436  1.5989  1.4784 
 7.3338 88.7989 40.7696 70.6014  2.4413  4.2996  2.3925 
 4.0859  5.0600 28.9414 66.8943  2.5862  4.2444  4.2661 
 0.4886 63.7681 93.0109 59.5764  2.2500  2.6859  2.0217 
 7.8040 21.9719 34.7670 32.9841  0.2371  1.4771  0.4653 
 9.3957 48.7351 79.5254 11.1849  0.1053  3.6483  2.2209 
 6.7464 20.7073 21.5264 37.7602  0.3164  1.4313  3.9267 
 6.9638 22.3543 14.7779 22.6269  1.0821  1.7999  1.7349 
 6.1721  5.9792 92.9002 45.0688  2.6231  2.8387  0.5306 
 5.2759  5.6445 89.1868 34.0732  3.8896  2.9226  2.5337 
 9.4249 74.7112 76.5806 18.0522  1.4138  3.3835  3.4797 
 2.1897 67.9133 60.0313 79.2500  4.0938  2.7771  3.7343 
 9.0564 98.0925 22.2821 62.0082  1.6850  0.3138  4.9281 
 0.0107 60.8719 67.3111 22.4683  1.5413  1.6222  3.6388 
 0.0111 89.4674 54.8980  6.3781  2.5151  0.6193  1.0797 
 2.7186 19.8146 96.0826 55.2026  3.6788  0.9856  0.3587 
 4.2877 81.2001 17.8111 74.4782  1.1927  3.7696  1.9088 
 4.0732 59.3584 10.9281 65.3160  4.9419  2.0663  0.6092 
 9.4081 52.7332 51.1626 32.7492  2.2716  0.9281  0.8487 
 3.3329 34.1037 80.9585 81.2402  2.6216  3.4708  1.3942 
 9.7036 19.7523 56.1304 99.8187  1.0828  3.8386  4.1552 
 8.9262 52.3798 11.4483 82.0504  1.4303  1.5366  0.4112 
 3.7201 32.1103 78.5140 73.1873  2.3837  1.3928  3.0006 
 8.8955 68.4266 25.1894 98.5850  3.0494  1.4754  2.1706 
 4.4758 71.6985 61.7938 94.5139  3.1073  3.7940  4.0937 
 3.6835 94.3978 73.6840 82.9832  0.9313  1.9847  1.3560 
 5.6330 84.4290 47.2945 22.8838  0.5202  4.0275  0.5924 
 0.2348 43.3465 99.4290 90.9008  4.7348  1.1448  2.1426 
 7.9152 13.3401 44.7249 20.1153  0.2517  2.5324  0.9265 
 7.8122 85.2056 98.8356 19.7458  2.3828  1.8395  4.5610 
 4.2214 64.2878 53.9262 23.7346  0.8722  4.4632  4.3002 
 7.8051 78.2041 86.2327  1.4050  0.8167  0.5215  4.0201 
 2.3449 18.3852 20.1380 14.5676  0.7474  2.8795  3.6415 
 4.0802 56.0150 50.7770 68.6880  4.3124  0.3952  4.5579 
 3.1252 58.7956 96.5139 79.1230  2.6542  0.9820  2.7427 
 4.0670 43.6651  3.2901 36.6631  0.3901  2.4293  4.3790 
 6.9404 34.1166 16.8571 53.4969  4.4214  3.1247  3.1554 
 7.3420 24.3047  7.8859 52.7057  4.2208  1.4509  2.4391 
 0.2638 98.8262  8.4732 24.3207  4.0592  0.8654  3.2425 
 2.9345 77.5289 52.2287 33.5313  0.5049  1.8864  0.2220 
 4.4006 55.9329 84.1021 94.0436  1.6617  2.5657  3.8232 
 5.1807 56.6302 45.3470 92.3727  1.1344  3.6302  2.1941 
 6.8030 28.4218 45.1441 20.5298  2.3476  2.6702  3.1813 
 2.3323 27.7592 26.1967 59.3824  1.0781  2.9634  2.1108 
 7.2776 14.2042 58.2356 14.3275  2.9361  3.1241  1.6576 
 9.6597 17.1447 15.0161 60.5215  0.6491  4.8009  1.9355 
 5.4897  5.9293 62.4137  8.2260  3.1231  2.0907  3.7215 
 7.7378 47.5568 87.8008 29.0874  3.1448  0.5246  1.3667 
 6.9865  2.3121 57.8476 23.2567  1.5846  1.9395  2.1339 
 7.0822 95.4405 53.7909 26.2461  4.3202  1.0255  2.7102 
 2.9161 61.4345 63.5341 95.9902  3.7889  0.6163  4.7236 
 3.1170 38.7871 44.5906 85.2198  3.2674  3.7274  0.2817 
 6.4604 13.5037 57.4166  2.2855  1.7864  3.4195  0.3563 
 5.9633 44.0848 19.3644 53.3292  2.2697  0.6768  4.8535 
 9.3832 48.8268 60.1684 66.1040  3.6050  3.8094  1.0688 
 1.6575 22.9795 71.3172 30.9592  4.1574  3.5444  4.1394 
 3.7746 27.0085 63.6453 23.6295  1.0026  2.9579  2.7992 
 8.8523 74.0099 48.2004 71.2896  4.9914  4.1707  2.2624 
 0.1000 45.2514 20.2844 62.7009  3.4425  0.4526  1.5833 
 3.8041 63.0482 55.5422 35.6707  4.6608  1.3696  0.7381 
 3.4907 44.4147 26.9030 68.7448  0.8676  4.2650  3.8831 
 6.7547 80.2592 91.5460 85.6447  0.0553  4.1831  1.7365 
 2.1152 46.9984 66.1251 92.8865  4.5325  0.6583  4.8020 
 2.3734 23.1283 82.7726 78.1094  0.5741  2.8033  2.4659 
 6.1994 36.1909 27.1612 83.8134  4.8505  1.5464  2.5803 
 0.2194 54.1919 56.2537 15.1990  4.9718  2.4980  2.4828 
 5.0337 91.2580 69.0339 48.0363  2.1000  1.4976  4.8974 
 8.3600  2.4996 66.9052 84.7233  4.0718  2.7068  2.8161 
 6.6415 78.5271 98.3044 82.4106  1.0332  4.7548  2.5033 
 3.3053 21.7969 82.6902 62.5701  0.9186  3.8443  2.3838 
 9.8455 37.5795 87.3877 59.9241  2.8645  3.3828  0.2693 
 5.9001 72.5402 44.5906 35.2610  0.5435  1.8758  1.0350 
 2.4970 57.1992 49.0383 40.7643  4.3166  4.2560  2.3194 
 0.5324 58.8956 43.2513 37.8056  3.0700  2.9108  2.0887 
 4.6764 24.5673 18.7251 20.0487  4.5606  4.3461  3.8686 
 7.0541  8.1863 26.0982 47.4630  3.8934  0.5121  4.7963 
 9.4196  4.5127  0.1168 15.1729  1.5266  3.8036  4.0700 
 4.4131 85.4893 66.7166 54.6120  4.5326  0.6401  4.5828 
 0.1050 15.0622 54.7879  7.8262  2.4565  4.9775  4.5307 
 3.4187  9.8825 31.9964 32.2870  4.8699  1.6621  3.5401 
 8.8944 90.7438 25.8664 94.8065  2.5373  2.3132  2.6759 
 7.5984 96.4777 54.3338 25.0380  1.0218  3.8860  3.4847 
 0.0961 48.7755 88.8914 58.9239  1.6883  2.4413  1.5995 
 6.9232 96.0999  7.9805  2.7832  3.9291  1.3127  3.9706 
 4.6349 71.5380 93.9167 97.2754  1.4930  1.7839  2.5482 
 3.9990 58.6050 67.6107 10.4375  0.2960  4.9688  1.4154 
 1.1403 68.0441  3.4204 61.7802  0.5241  1.2131  4.7124 
 6.0975 22.4902 13.5302 13.5647  2.1822  4.1908  3.2733 
 2.8855 86.8801 95.6862 72.3228  4.8951  0.9312  1.9752 
 5.8465 49.9202 50.6386 87.4874  0.8109  3.2731  2.8544 
 0.8309 96.4242 79.1422 66.8663  3.5436  1.2402  0.5330 
 1.5781 97.2086 97.9141 47.1735  1.7448  0.9656  3.9396 
 5.5720 44.1330 36.1983  1.1308  1.4108  1.6840  4.4962 
 4.4814 37.1736  7.2533 65.3618  3.0759  4.2401  1.8030 
 1.8253 73.3444 78.3363 48.0323  0.9626  2.2219  1.0654 
 4.3793 99.4625 21.6812 38.2396  3.1700  4.8478  1.0278 
 4.9792 62.3345 47.0198 27.2818  0.3866  4.9242  4.5724 
 5.2452 29.8575 80.0658 73.8758  3.4501  1.7620  1.5949 
 1.1917 61.4947 82.9031 76.5916  4.8677  1.4727  2.2975 
 1.2567  3.5896 26.1231 54.2618  1.3649  4.4196  1.1028 
 3.8925 55.9260  4.3411 39.6399  3.1778  3.5860  3.6664 
 7.9741 41.5411 79.6418 80.9662  0.4617  4.4539  1.1605 
 5.2173 78.2878 55.8474 17.3289  4.7846  2.0985  4.6676 
 4.1601 20.6860 39.6808 67.1323  0.1419  4.6912  4.8072 
 1.2238 55.8831 93.4553 34.5329  4.4454  4.9092  1.2253 
 1.1754 67.5030 27.4881 88.9166  1.5561  4.8147  1.4196 
 2.0476  4.0346 53.2124 11.6550  2.1884  4.1604  0.6538 
 5.5358 45.8284 75.5168 39.0511  4.2625  4.0867  4.2203 
 4.5290  2.3509  8.6297 14.1354  4.0336  0.2836  3.5105 
 8.3260 16.6394 67.3267 52.5133  2.6954  0.2644  4.1521 
 0.8929 66.9309 18.3752 19.4223  4.3456  4.4081  2.1432 
 4.6564 84.8914 29.3190 55.2944  2.4695  3.3953  3.3811 
 3.6737  6.5184 35.3891  9.2874  1.3988  3.1441  0.5383 
 3.6194 23.9858 64.5017 51.2530  2.9742  2.7509  2.8856 
 3.7316 83.8047 11.5359 37.5271  4.8587  0.6085  0.2418 
 9.6807 85.8333 17.9805 31.2556  3.1650  1.0235  3.1441 
 0.0382 19.2930 20.4130 79.6396  1.1216  4.2111  1.4452 
 9.0245 46.5168 26.8759 84.3307  1.5681  3.0541  1.3984 
 1.2774 90.8297  7.9998 27.1259  3.5053  2.2727  4.3032 
 9.2677 20.1129 34.6520 40.6934  2.2036  1.6697  4.3100 
 9.0999 47.4618 54.9941 43.9968  2.7527  4.5609  2.3210 
 2.9717 93.6832 60.9450 91.3682  4.6679  4.0703  4.1936 
 2.7452 17.7445 53.6588 70.8423  0.9534  4.0848  2.9574 
 5.1564 15.0044 14.6018 33.8165  2.3670  0.6723  2.9844 
 4.1310 53.6345 53.9347 44.4334  0.4913  3.9818  0.0095 
 6.5986 23.8521 37.0064 53.8245  4.5357  1.8395  2.1648 
 2.9306 15.3573 74.7233 75.4023  2.0059  0.0901  1.5023 
 3.9803 83.2366 16.1101 16.4844  2.4136  0.0434  4.2975 
 1.3580 94.8322 73.3958 31.8453  3.3176  1.3159  2.9684 
 6.4094 15.7647 88.7290 59.0762  4.5086  1.3552  4.7862 
 1.0733 36.9920 81.4389 25.0986  2.1677  4.9235  4.8421 
 9.2154 90.8816 87.9258 17.2893  2.2578  4.3471  0.8362 
 0.0615 86.6565 14.7512 78.0826  3.5671  1.6565  1.1522 
 4.2751 87.0390  2.3676 69.8738  4.5027  2.8950  1.6837 
 7.6557 26.7877 57.6720 16.7570  1.1787  3.2873  1.9403 
 9.3220 73.9033 96.2564 16.6379  3.0567  3.3563  1.6210 
 3.2002 28.1957  3.6833 30.2670  1.4368  2.9112  4.7454 
 8.8156 99.1523 55.1660 93.3225  4.9423  1.1273  3.4470 
 2.7397 96.7745 25.1766 97.2159  4.2449  1.9113  1.6293 
 1.0873 68.8134  4.7312 43.6580  4.6971  1.2665  3.0948 
 9.1239 86.5156 11.7864  2.8726  3.4258  3.9155  0.1653 
 3.5879  2.1561 60.3641 14.2716  4.2429  4.6120  4.4507 
 6.3698 87.0557 30.6018 57.0282  2.6554  0.7878  3.4499 
 5.3872 97.1155 42.5282 96.6017  2.8007  1.0570  0.2432 
 4.8802 15.0727  2.3336 85.9402  4.8922  2.9744  0.1184 
 3.3951 76.3559 19.8546 14.4619  1.5945  0.4341  4.2875 
 9.9365 13.8037 80.5619 92.8591  2.3019  0.7320  3.9767 
 6.8937  9.6604 98.0256 27.0691  0.5161  0.1214  1.0042 
 3.2253 46.7279  1.6058 75.7217  0.9660  3.5071  2.5350 
 7.7381 98.0402 46.6466 82.3645  4.7199  2.3081  4.2746 
 1.0662 79.8122 17.4801 85.4049  3.6555  1.7386  1.5319 
 2.0365 86.6672 14.1447 13.3857  2.7048  3.5326  4.4875 
 7.9391 23.8724 49.5337 83.0112  0.3875  0.7776  1.8654 
 1.3388 36.1841 84.0692 22.0496  4.2083  3.5840  1.4821 
 1.6204 64.2161 93.0816 10.6968  0.0152  3.7233  0.1008 
 8.6400  4.6437 27.6347 61.8859  4.3390  4.5848  3.7940 
 0.4528 47.0030 29.5170 14.4448  4.1227  2.0923  4.7728 
 3.4136 57.3799 44.1951 25.0939  1.9878  4.4010  0.7865 
 1.9651 21.0093 29.4233 27.4414  3.6832  4.8159  0.9790 
 8.9231 46.8269 70.4072 50.9880  1.8840  1.3353  2.1356 
 5.0105 52.6878 87.6107 46.2006  4.0370  0.3304  4.1885 
 8.2512 97.1853  2.5969 17.1722  4.8941  0.7483  1.3927 
 3.5903 73.6638 30.4422 56.3828  1.4940  4.0981  4.4668 
 9.8260 15.1752 45.5008 98.9997  2.3269  0.5206  1.9715 
 2.5157 47.8403 27.2116 57.4929  1.9169  3.7106  1.3588 
 0.7691 43.5394 25.8485 36.1363  1.5398  4.3695  0.9025 
 6.7677 16.1713  8.3562 62.7794  0.3069  3.4881  1.8496 
 9.6206 89.0271 96.2199 12.4092  1.4634  1.0271  4.9543 
 9.8261  4.6805 59.2197 45.7202  2.1307  1.2283  4.8829 
 2.1991 29.9035 22.1315  7.7932  3.6030  1.9748  1.6062 
 7.8139 60.9078 43.2276 56.4039  2.4649  3.6997  3.0324 
 6.3888  3.9912 50.9200 34.5967  4.5988  4.4307  4.2880 
 3.8102 47.3979 67.7116 89.4266  3.1792  4.4477  4.9244 
 0.4980  2.5327 18.4279 95.9440  4.9261  3.4465  0.7447 
 7.0437 91.6687 49.6194  9.8868  4.9551  3.2193  3.0772 
 2.1615 71.3354  1.9162 74.4774  0.9898  0.2417  3.5684 
 8.0713 59.4215 41.4103 81.8415  3.9979  0.3340  0.2219 
 4.0333 26.6938 62.4527 39.8398  0.8759  2.0350  3.3350 
 2.4404 18.6852 48.5859 50.3600  3.5010  1.3814  4.4931 
 4.8054 40.9602 69.0151 63.7844  2.0315  3.6045  2.1426 
 1.5350 67.7495 35.4568 19.2473  2.5551  3.0998  2.9050 
 9.1074 90.4231 64.3126 14.3977  2.0000  1.8689  3.2475 
 1.5789  8.6984 14.1276 94.9906  2.7212  0.1731  2.6889 
 8.5290 60.1326 48.9444 33.9698  2.8195  2.3916  0.3239 
 1.0559 31.9860 16.8557 18.5646  0.0848  3.0408  2.3162 
 1.2085 26.2168 67.0302 80.4545  2.7598  3.2231  4.7014 
 8.4767 51.1706 32.0126 25.5826  2.9884  2.0565  0.1390 
 0.2117 39.8237 96.5862 98.3046  1.0184  0.3776  4.8803 
 8.2037 45.3716 90.2846 69.1007  0.4571  0.6441  1.9710 
 7.0712 61.7093 94.8104 65.7939  0.6458  0.6315  0.8076 
 4.1191 42.5563  1.9833  0.2089  2.0649  4.9298  1.4636 
 5.7289 61.6899 65.8373 73.5853  4.0463  1.5377  2.4985 
 1.2904 60.7697 66.7124 95.8821  1.3023  3.3214  4.9887 
 4.9595 22.7791 90.5011 87.7767  3.1257  4.0672  2.5803 
 6.0594 66.8996 58.5976 37.3006  4.9552  4.1907  2.5655 
 4.2537  5.2421 33.5262 14.2043  2.7122  4.7093  0.5202 
 4.7005 53.0375 74.7614 26.4612  3.4427  0.3767  0.0497 
 1.0034  0.5118 62.6455 59.4525  3.9084  4.6453  1.5637 
 4.8914 42.8358 90.6256 86.2313  2.5235  3.6366  4.7823 
 9.1198 73.8228 81.5418 33.5913  1.4860  1.7249  4.4565 
 7.4301 59.0188 87.5459 55.5877  4.3840  0.9922  3.8856 
 2.1952 40.7898 69.5771 47.7294  1.1723  1.9536  1.4583 
 4.1433 34.5160 43.9483  8.5772  4.6241  3.0136  0.3569 
 5.1681 29.4613  5.2451 58.4869  3.9138  0.3238  4.7837 
 3.0395 86.3909 46.2891 75.9844  1.3621  1.1941  3.5396 
 4.4539 90.7034 89.2218 77.2513  1.2130  4.6367  3.1319 
 6.6476 77.6478 96.5490 40.7917  0.7962  4.3560  3.2297 
 5.3393 19.9868 54.4590 57.1141  0.6575  0.9131  0.8091 
 4.6323  4.0357 38.4706 75.1065  0.4099  4.7009  3.1667 
 8.7792 11.6577 54.4757 48.7841  1.7193  0.2294  4.5555 
 8.3790 74.3246 77.1736 80.4808  4.4479  3.0108  2.9568 
 3.0659 37.0528 60.0387 33.7601  3.4135  3.7035  1.7764 
 5.2484 50.0013 77.1746 83.4676  4.8069  4.5816  2.7636 
 5.8561 97.9747 62.8211 64.5671  3.5000  2.8521  1.1557 
 9.1177 64.6813 49.5939 14.4035  4.2216  1.2003  1.7152 
 4.6918 25.1750 39.2617 12.6122  1.3912  0.2886  0.6296 
 9.7357 18.3052 42.4298 93.4899  0.9634  4.7583  3.1204 
 6.6140 80.4438 91.9246 18.9064  1.0111  1.9539  0.4015 
 0.9940 25.0416 96.3069 76.2035  2.3299  4.0115  2.8248 
 9.2922  6.1175 99.7792 62.7526  0.9176  3.7305  4.1849 
 0.1938 46.2614 59.8344 26.8356  4.0363  1.2133  3.7639 
 5.2697  1.5510  5.6165 47.6371  2.1277  3.3773  3.8215 
 1.7087 55.6707 74.6551 38.1139  1.4652  2.1706  1.2524 
 1.1112 22.8060 65.0237 27.3781  0.3376  1.1414  3.5703 
 7.9475 39.9726 26.6805 92.5883  3.8851  3.8146  1.4410 
 3.4411 79.4189 45.8402 39.2665  3.4645  3.3561  0.1200 
 7.7522  5.1184 78.3784 50.7205  4.3324  4.1769  1.2839 
 7.3288 97.2813 99.5694 31.9845  4.0164  2.8593  3.4739 
 2.7255 29.3455  8.2927 27.1874  0.5471  2.1470  3.3010 
 4.7816 61.4507 77.2998 10.3226  1.1851  3.0774  0.5999 
 8.8347 77.8835 80.9450 19.9542  2.0956  1.8741  3.6376 
 5.9650 19.9774 49.0352 39.9967  1.8971  3.9932  4.7082 
 5.3995 29.9824 16.8098 78.7290  3.0937  0.4053  1.5320 
 9.1333 69.2863  0.0319 60.2295  2.0718  4.6713  4.2467 
 8.7063  2.9530 42.3628  4.5028  4.8532  0.9430  3.0083 
 0.9960 87.5504  7.4779 60.0714  1.7331  3.9080  4.2223 
 9.6493 74.6129 78.9171 71.6182  1.4746  4.1993  2.6434 
 5.3473 96.6444  6.6323 52.0711  3.5669  4.0585  2.1572 
 9.9108 79.8736 75.4072 96.8867  1.1237  3.9772  4.8637 
 2.4086 82.9010 22.0083 80.3850  3.4305  3.0887  1.8766 
 5.3103 79.8926 15.7705 20.7042  3.2576  4.9232  2.0490 
 1.7139 97.7331 13.5215 16.6747  4.4688  3.4514  2.4106 
 0.6358 53.5924 34.7102 40.9329  3.3457  2.5224  4.2412 
 9.3453 48.1838 64.5836 83.0125  4.3307  2.9769  4.7763 
 6.2425 18.9566 18.8527 71.4817  3.3831  1.1789  1.0719 
 3.7629 98.2446 75.4457 44.2698  4.5647  1.6995  3.9122 
 8.3690 29.5240 39.6051 30.4902  4.2864  1.2432  2.3351 
 8.5531 83.5788  6.3912  8.6586  2.8420  0.1621  2.2944 
 5.5704 21.7443  1.8676 61.4058  2.7588  3.3126  4.6738 
 1.4303 18.6205 82.6763 16.0332  4.2391  2.5691  2.6708 
 3.1956 19.0428 13.7400 92.0131  2.7018  2.3389  3.2117 
 9.3293 58.2107 47.1065 64.0124  4.2384  3.5103  4.4376 
 0.7561 47.0565  2.2342 23.8098  1.5588  4.7578  1.7696 
 1.0264 98.2603 25.6697 20.3130  2.0076  0.5390  1.4282 
 5.6589 43.7728 51.6145 30.0711  4.7966  3.0339  0.5856 
 7.3519 59.0421 33.3637 30.9603  0.0140  0.7836  2.5065 
 7.0456  6.3912  0.9059 18.1894  1.7824  3.2020  4.6088 
 8.4674 41.7418 32.8529 32.7600  4.9697  0.2828  3.1799 
 8.0909 62.6098 91.5118 39.4388  0.4115  3.5748  4.3585 
 9.2084 47.4172 37.3824 39.4610  3.8656  2.2587  0.4758 
 1.2477 98.8607 86.4985 93.3917  0.5451  2.7709  2.6218 
 8.7707  6.2279 40.8550 22.8428  3.4692  2.2382  3.3274 
 4.3880 21.1283 43.6686 86.0975  4.4872  2.1219  2.0144 
 8.8629 15.7251 54.5061 10.1043  4.4545  0.9168  2.1574 
 1.5644 22.6624 64.6665 48.6940  4.9256  3.1265  0.4103 
 5.0025 86.7177 72.3086 84.2037  3.9357  4.3458  0.2733 
 2.0880 92.8385 79.4602 34.1060  0.7321  4.6786  1.3513 
 2.7485 21.8595 51.3696 26.6808  0.8307  3.5115  0.5833 
 6.1983 26.1014 65.7105 66.1643  4.8129  3.3096  1.5703 
 9.6501 51.2153 24.6146 86.2233  3.7224  1.4927  1.4843 
 4.0193 46.3128  5.3288 59.5340  1.3866  2.1882  4.2549 
 6.5046 64.3926 97.7991 42.8064  3.4835  1.8061  2.8290 
 3.6058 38.8009 34.7590 53.9244  4.8471  1.8845  1.8260 
 8.7945 85.2881 13.1960 48.5625  1.8063  3.7281  3.1863 
 5.0939 20.6463 90.1388 15.1509  3.1306  2.6742  0.2389 
 3.0192 51.9221 80.2891  1.6225  1.7887  2.6708  1.3633 
 7.1362 69.7295  0.0877 15.3439  0.4627  1.4501  0.2580 
 0.7102 44.4793 56.1270  8.1058  1.9404  4.8288  0.4356 
 0.3921 19.4555 49.7822 18.1039  1.6989  0.4410  4.4320 
 9.8069 68.2978 60.1406 57.7865  2.5661  1.4745  4.5142 
 7.3814 90.7876 40.2433 33.6192  1.1765  2.3483  4.8593 
 2.0135 18.6469 59.8629  5.0746  3.7193  1.0054  0.3933 
 7.8268 27.2816 52.0788 46.8519  3.4277  4.4925  1.7679 
 4.7975 97.4561 77.2324 14.5208  4.7820  4.4783  3.7768 
 7.9199 48.6426 13.3770 23.7671  0.6714  0.7164  2.4769 
 2.3908 38.4187 97.4796  5.1760  0.6960  3.6404  2.6208 
 3.2299 67.9542 12.2688 54.7028  2.3268  1.9896  2.4044 
 4.3999 77.4671 59.4758 98.8222  4.3623  0.9063  2.8882 
 2.2599 80.8259 51.1963 62.8663  0.9354  4.8926  3.1203 
 7.7461 68.1189 62.6815 65.6916  2.2062  1.3948  2.3833 
 7.6607 95.4542 66.9855 25.5471  1.9503  4.2228  2.1243 
 3.2286 84.6468 42.2752 38.6736  4.8629  4.6505  4.7227 
 8.9224 12.2476 75.9980 30.5652  3.0246  0.2767  1.3666 
 9.2442 57.9677 64.7602 59.8969  1.5845  4.4886  3.2146 
 3.8137 80.0067 91.9933 28.5205  3.5085  0.4135  1.9679 
 9.6542 46.0858 97.5686 59.3160  4.2569  1.7242  4.8857 
 0.7935 30.5176 83.3600 34.0740  4.2795  3.0471  0.7301 
 0.2668 59.5802 89.8261 22.9507  1.0984  3.8591  0.9444 
 6.6064 75.4646 51.9561 33.2077  0.6491  2.9866  1.3711 
 5.7158 19.9833 51.9264 81.2788  4.6088  2.3674  1.7700 
 1.5066 31.8966 36.7531 87.1297  1.8497  4.6861  3.4312 
 2.9285 41.7836 39.0842 62.5992  0.2680  2.6372  2.5520 
 9.6015 80.2998  2.0769 96.1751  4.0962  3.7881  3.5231 
 3.3374 51.3475  7.5462 28.8134  3.4666  3.3717  1.7165 
 9.9208 92.6075 43.9677 43.0986  2.6434  0.6255  2.8666 
 1.5452 53.8443 77.3433 88.7463  3.9415  3.8863  0.3844 
 5.9076 62.8294 62.1291 10.9990  3.7032  1.7136  2.0292 
 6.4952 46.5785 21.8198 98.8376  3.0696  3.1809  1.7550 
 8.1588 71.9056 37.6277 24.1329  2.5745  4.7275  0.3115 
 8.9680 71.8046 19.1539 89.2174  0.9835  0.7252  2.1645 
 9.6805 30.8689 14.4046 65.8087  2.4125  4.1422  4.2936 
 7.2835 38.8174 65.4277 57.6205  0.7307  2.5072  3.6391 
 7.4831 18.7837  2.3332 42.4235  2.3511  3.6552  4.8024 
 8.3211 41.1353 69.7576 26.9394  4.4388  3.7271  4.7863 
 9.9320 10.7915 80.9806 93.7012  2.0047  3.2088  0.5591 
 5.6935 21.0049  8.7195 62.8468  2.0244  3.5055  4.4225 
 5.4101 69.6083 65.1533 48.7707  2.2230  4.6370  0.4537 
 4.2213 36.0677 48.6784 30.3594  2.0008  1.1592  4.0080 
 1.3470 77.3804  4.5856 71.5440  1.6061  2.8750  4.8585 
 9.3887 17.9286 47.3483 87.3286  2.4456  3.1371  1.5076 
 8.2046 94.7855 43.9213 40.3660  4.6312  0.5744  4.3157 
 0.3619  8.6303 42.9957 68.9148  1.9087  2.0106  2.6118 
 4.9649 55.7320 40.4745 35.9867  1.5976  0.8652  3.0952 
 8.7170 99.4950 32.1893 19.1081  3.5107  3.9803  3.8022 
 7.4443 57.5936 37.7512 25.4016  3.5583  3.5498  4.6768 
 4.6119 48.1883 49.7305 51.0347  4.9043  4.7229  3.3394 
 3.4601 20.1884 67.3025 17.2217  0.3340  1.7197  4.0567 
 6.6717 40.7179 62.9109 14.5412  4.3478  3.3555  2.5395 
 4.3940 60.4167 16.0407 88.6001  0.3868  3.6734  4.2913 
 6.4427 17.4004 68.1294 43.1010  3.9129  0.5921  3.0664 
 0.3373 80.9435 66.2976 79.9929  4.1947  4.4648  1.3882 
 3.6789  0.3336 40.3164 33.1222  1.7954  1.7403  3.7620 
 7.3978 74.1378 89.8394 47.2759  4.3878  3.8486  0.3888 
 3.7561 35.5808 43.8553 16.3112  2.9956  1.8612  1.0367 
 6.4683 21.6747 99.4947  4.1067  0.4864  0.2371  2.7917 
 9.7532 65.7259 15.3086 82.2334  0.2058  3.8262  4.4687 
 9.4769 44.2174 98.8650 58.8609  1.6414  3.1357  3.4586 
 9.5944 67.0606 35.1400 61.6024  3.1092  0.9748  3.4204 
 4.4585 72.7344 12.4814 47.5063  3.6679  0.5742  0.7564 
 2.5948 82.7742 17.8390 37.5458  1.3271  4.5004  2.3768 
 2.4495 80.4298  8.9254 94.5484  0.7031  2.1187  0.9801 
 4.0266 50.5783 71.4490 70.4778  4.0454  0.0558  2.3302 
 6.3522 13.4530 58.4491 69.9818  1.9980  2.8650  0.7259 
 8.6187 71.6057 73.4136 46.4966  0.3692  4.4959  3.9296 
 4.9188 54.7991 71.4976 16.9818  4.8668  4.6907  3.0686 
 9.0812 38.1283 69.0105 35.9412  3.4302  2.8841  3.3862 
 5.7979 15.4723  5.8057 62.8682  0.9168  4.2611  0.5564 
 2.9764 62.2102 77.4430 47.8118  3.8898  2.1798  4.1484 
 2.6555 83.1591 51.5745 13.2778  4.5436  0.0463  3.7501 
 6.9218  0.2525  7.8593 41.4164  4.5790  2.8370  0.6915 
 8.7812 64.7982 42.0548 86.7022  3.6100  1.0782  1.2429 
 3.0064 21.8336 24.0217 34.0264  3.6474  3.6584  4.6935 
 1.0129 72.7480 75.7660 78.4523  1.0877  3.0615  2.5720 
 4.9189 71.3499 37.0712  9.0987  0.6746  4.6916  1.7494 
 5.1798 92.6371 99.8044  9.4535  3.0212  4.0530  2.3933 
 8.7874  8.8473 54.3435 70.2523  3.8817  0.2933  2.1182 
 3.2356 61.4575 62.1508 20.2343  3.3245  2.8976  4.6093 
 4.7740 69.7411 63.5720 76.7257  3.7232  3.2530  4.2944 
 4.6170 99.5368 94.4795 13.0578  0.9764  0.1855  3.4341 
 4.4296 42.1358 74.3025  1.2495  2.6033  4.1060  0.7610 
 4.7679 17.9110 82.4022 21.5082  2.0525  1.4353  1.6761 
 8.1193 70.6532 50.5465 11.0629  0.4872  3.4504  0.9410 
 8.4592 22.9777 81.1578  5.0229  1.3748  4.1478  4.5917 
 6.9255 81.4558 28.9851 68.8160  0.0662  1.9470  1.8016 
 6.5609 76.3885 36.6809 60.3754  1.0029  2.2656  0.9663 
 2.7575 37.0751 62.5723 18.9879  0.4846  4.8054  4.1257 
 7.0097 48.2332 78.0186 99.1746  0.9919  1.0883  1.4386 
 8.4398 11.3677  1.2873 65.9579  1.2310  2.5874  3.4495 
 2.9635 82.1592 46.7834 82.9582  1.8606  4.1556  4.7281 
 8.0387 41.8674  3.1704 72.7155  0.8492  1.4600  0.8264 
 8.8314 12.1300 40.5897 63.9214  1.5310  1.0029  0.7520 
 4.6660 43.3721 67.3835  5.3380  4.2082  3.2165  1.4385 
 7.1003 71.6601  5.8425 22.4782  2.6230  3.8428  1.9412 
 6.3109 87.4756 82.3682  4.0376  4.4411  4.7599  1.6647 
 4.9196 88.7277 97.3295 39.0615  4.9457  4.3140  0.4980 
 5.3215 36.2386 12.0380 44.1804  1.8844  4.2531  3.2364 
 6.1622  4.0754 96.2059 85.0049  4.7944  3.4540  4.8629 
 0.6406 89.1242 73.9219 63.6624  4.8872  2.0585  4.9398 
 4.3830 69.8205  8.5917 94.7212  4.6953  1.2301  1.3927 
 8.9990 81.4682 15.0148 86.3175  2.2149  2.6402  2.8186 
 4.4981 56.5570 23.9839 21.8458  3.5661  3.8983  0.8977 
 1.3139 51.4938 66.2976 55.8600  0.2512  3.2516  1.7463 
 6.0799  3.5478 88.1123 24.4551  1.1439  1.2002  4.5305 
 3.9445 23.0139 40.8101 43.5532  1.1117  2.6321  3.8160 
 4.0923  3.8483 74.8067 34.2106  0.1207  0.9959  0.4981 
 2.8230 40.1891 90.9069 92.2031  0.0716  3.1482  0.7098 
 7.0412 71.6634 73.9434  7.8244  1.8185  2.8224  2.4420 
 2.0571 15.7250 88.2643  7.6997  3.6749  4.9460  0.8868 
 7.4077 88.9397 96.5937 27.6242  1.7485  3.7260  3.4193 
 6.6178  9.8218 61.2120 32.8346  4.1165  4.1091  3.4610 
 6.1297 82.5074 70.0984 68.5930  2.7563  2.9772  2.1723 
 0.6079 39.0485 18.3979 14.5926  0.4053  1.1931  3.2651 
 6.5536 33.3313 43.1700 54.2136  4.7891  3.9426  0.7311 
 0.3344 84.4434 74.6957 14.5342  1.2435  2.4343  0.2262 
 7.7372 96.2574 54.2789 64.1339  3.6029  3.2862  2.4160 
 6.6639 36.0269 60.9850 83.2650  0.4115  3.8875  0.1714 
 6.1985 76.3300 22.1302 27.7407  3.4403  2.9649  4.3533 
 7.8066 41.9370 20.1758 74.4591  1.8658  4.3067  4.6589 
 3.4680 46.6582  5.0689  5.7409  4.0538  1.9128  2.5201 
 9.1899 56.9653 54.5384  4.7310  4.2462  1.4984  0.2700 
 6.9200  2.4161 90.0129 79.9627  0.4081  2.6798  1.4449 
 5.4579 53.9564 77.6348 89.7090  4.6997  2.7426  0.3176 
 9.8804 36.4113 51.9631 54.8087  2.1286  0.6035  2.6335 
 0.0587 94.2274  5.8024 87.5690  0.4087  4.5271  4.5008 
 9.2292 30.6387 97.3386 60.1287  2.7117  2.2426  0.4624 
 5.1514 50.0786 88.5228 34.8811  0.7497  1.2500  4.7716 
 8.4116 18.9772 90.3451 50.1977  1.8891  1.3261  1.7736 
 0.7319 55.5793 78.2219 54.8969  3.7905  2.1628  4.2066 
 3.3469 11.5110 74.5482 94.7040  3.2834  3.9185  4.3617 
 5.8298 20.9980 66.7655 37.1243  0.1639  3.5679  0.6784 
 9.5182 12.9820 76.9611 97.8838  3.6713  2.5103  4.8068 
 2.7775 94.9372  3.7618 38.0898  2.3125  1.7763  4.6678 
 6.8763 36.8232 98.3649 90.6054  1.6617  1.7880  0.9006 
 0.5059 72.9704 26.3564 95.2178  0.1296  3.8593  2.4486 
 4.8750 73.4706 25.1109 68.5695  1.4142  4.7926  3.0742 
 5.9547 60.8597 15.6582  4.5237  0.3464  1.1394  0.0253 
 0.4134 83.3915 29.0692 10.2315  0.4977  2.5077  1.1559 
 9.3519 83.6307 25.3151 88.2539  2.2050  0.6288  2.8389 
 0.6931 51.8665 60.8809 38.9605  3.9170  1.2562  0.4209 
 8.8673 24.8955 94.0640 70.4769  3.7539  0.6478  3.1657 
 1.6181 98.5778 33.9588 42.5395  4.0660  3.6665  3.5274 
 2.4784 91.7457 53.5214 75.4977  1.2056  4.7814  0.2094 
 9.8209 77.1044 90.8636 31.7970  1.6990  3.0448  2.5140 
 0.4610 97.4528 59.5769 85.9809  2.6907  1.4442  1.3542 
 4.6946 13.4729 19.7206 26.1796  1.9304  2.7641  1.8066 
 7.6822 44.0771 19.0360 93.5635  2.1052  2.2186  0.4757 
 3.7252 21.0668 60.7753  4.2534  1.6555  3.7338  4.7282 
 9.3786 48.8694 93.1078 96.8798  2.4392  0.0806  3.5965 
 0.6214 76.0811 96.4080 78.2630  4.5375  0.2145  4.8281 
 2.6073 44.5414 16.2679 61.8144  0.9034  3.9209  0.2818 
 9.5617 97.5287 37.3882 83.9939  0.3899  1.1713  2.9984 
 4.2618 18.3333 36.7443 58.0690  1.2655  1.7068  2.7763 
 8.4424 40.8294 48.7535  8.7341  0.2490  0.1589  0.6258 
 5.9541 12.2540 98.2103  7.1169  4.9579  4.6256  0.2414 
 4.4910 19.1447 89.0129 48.6265  1.6127  0.6019  3.7442 
 2.1203 57.9728  8.0031 95.2009  1.2798  0.3352  3.7035 
 8.9649 47.5860 46.7731 16.5396  1.7661  0.3739  4.4666 
 3.6605 80.5861 84.2916  5.1445  3.9303  2.7624  2.0303 
 7.9651  9.9083  6.0965 62.4862  4.5268  0.9178  4.1132 
 2.9051 61.7783 94.9831 49.0876  1.4917  2.0593  0.3153 
 2.7821 93.0673 93.1155  1.3844  4.1228  1.3028  2.5447 
 9.9253 53.3124 44.9799 68.6125  2.3783  1.8585  0.0800 
 8.0895 63.7048 23.1197 68.8084  0.0033  2.5024  0.2507 
 4.1140 13.8608  9.5070 30.7249  4.0280  4.2491  3.6234 
 6.5268 68.4902 25.5956 92.0145  2.9262  2.8353  1.4206 
 6.9019  2.4740 40.6512 85.5509  3.4047  4.2244  2.7247 
 8.2453 59.2780 87.8343 88.5022  3.9061  2.3137  2.9023 
 9.0307  5.1943 97.1439 92.5807  0.4429  0.8904  0.4267 
 5.0548 96.0914 55.2888 74.5894  2.6196  0.9134  2.9739 
 0.8784 86.2348 20.6507 23.2350  3.6172  1.3806  3.7476 
 6.7133 96.3604 36.5880 47.4259  4.5121  0.3515  0.9475 
 9.7954 16.0956  9.0337 38.4883  4.9331  2.4744  0.3972 
 0.2453 64.3588 11.9355 70.9175  1.9410  0.9878  4.2244 
 3.3198 28.0868 84.5292  3.0977  2.7910  1.8697  3.4238 
 9.0598 57.2288  5.4231 42.2709  3.8512  4.8065  3.3952 
 8.0905 77.5889 81.0722 28.6918  0.4607  1.0114  3.5631 
 5.3479 54.2414 55.2913 49.1495  1.2149  4.3394  3.9530 
 8.8671 87.2642 59.4359 32.0944  2.5138  4.2114  4.3137 
 1.4591 34.3326 18.7366 97.0924  2.0544  3.6547  3.7557 
 1.6807 48.7840 26.5853 31.0999  2.3677  0.9488  3.9423 
 1.0132  4.3587 12.2495 31.7356  0.3932  3.4617  0.8788 
 1.8523 56.0790 69.8704 61.1715  1.9416  4.5861  4.1087 
 9.7207 72.6655 72.9157 22.9857  2.3341  2.9314  2.5107 
 6.1849  8.4888 62.6092 63.6617  0.4775  2.4600  1.4395 
 5.5992 88.0411 66.9625 80.7954  2.0673  1.1869  3.8650 
 4.2115 34.6717 96.9932 85.0817  2.6171  1.5355  0.4871 
 7.0616 55.3376 47.0235 13.0545  0.3969  4.8851  1.3108 
 7.2978 23.2624  0.2016 48.0216  3.2459  2.8600  1.1525 
 4.3325 65.9982 14.5487 58.3669  3.3110  2.3812  2.3965 
 2.2605 44.0039 60.2019 54.7955  4.9793  1.8693  3.7097 
 6.8121 19.9009 34.6496 31.7223  3.5723  2.4830  1.6243 
 1.8600 28.9403 74.7322 40.9751  4.1974  1.5198  0.0813 
 8.1783 62.4891 51.0066  9.8550  3.8575  1.5889  4.5458 
 5.8502 86.7855  5.4254 60.2425  2.7068  1.2217  0.7215 
 3.4486 19.3503 53.3523 70.4863  4.7528  3.6341  3.5319 
 2.0551 55.5634  5.8606 37.7684  4.6736  1.5257  1.7964 
 8.2936 84.6004 85.6695 91.2247  3.6458  4.3166  1.0917 
 5.3599 42.0985 69.3222 74.3268  1.3619  4.1867  3.3616 
 4.2831  2.9162 97.2781 83.1360  0.6078  3.3570  3.2257 
 5.0820 61.2497 60.2798 48.7029  1.0053  4.3755  2.4506 
 0.3409  6.3369 81.7622 89.5881  3.3082  2.8885  3.2910 
 0.1225 85.5540 71.1061 91.9582  3.0711  0.7093  0.8628 
 7.0034 21.6048 45.1640 63.9551  0.0112  3.3321  1.0995 
 2.6127 57.5848 41.0461 52.4084  3.0575  1.1820  1.4831 
 5.5092 31.0314 63.2600 65.1046  0.5929  1.4121  2.9085 
 0.7624 23.2926 62.2933 19.3320  2.0211  1.6034  0.5443 
 3.7543 97.4794 62.3867 75.8605  1.2206  0.5210  1.0543 
 4.2848 15.4383  8.0106 65.7672  4.5551  3.6689  1.2678 
 0.3248 49.8485 74.5878 11.2981  3.3269  0.3944  4.1703 
 5.4348  6.7781 31.2409 24.8117  2.7323  4.8951  2.4605 
 9.8357 76.4152 63.4446  6.9579  2.5167  2.7169  3.0115 
 2.7947 56.8926 14.6131 48.6947  2.6903  3.5653  1.7446 
 4.1353 10.7319 35.1974 93.8380  3.8275  3.2910  0.2511 
 2.6409 66.4102 54.9024 80.6711  1.9088  1.9295  2.8370 
 3.3106 80.8662 67.4728  6.3536  4.1214  0.7201  1.5813 
 1.6734 10.1486 48.2078 38.1492  3.9271  0.8168  2.2845 
 9.9312 70.7723 43.5500 74.9997  1.6850  4.5556  1.4231 
 2.0337 35.9930 94.1225 34.5703  2.8569  0.7050  0.4003 
 3.8323 20.4584 20.7903 65.0122  0.1865  0.6191  4.8039 
 1.2444 36.2891 73.7480 79.7955  3.6170  0.5072  0.1252 
 7.6592 42.7883 29.8401 22.7354  3.7547  1.0637  2.3232 
 8.9331  3.3304 61.3982 59.3936  4.8989  1.4128  4.2498 
 4.0951  8.7807 35.6854 61.9088  4.7822  1.9972  3.7329 
 3.6635 87.9066 74.1508 75.7159  1.7547  3.8197  0.7517 
 1.7118 54.9833 90.6266 44.8689  3.5677  2.7144  0.7627 
 2.7317 95.9932 56.7535 55.9540  3.1810  0.7663  2.0184 
 9.0263 46.3762 38.5631 50.0683  0.8845  2.8536  3.2687 
 5.3129  1.3698 65.2165 98.7612  4.1246  4.2581  2.7186 
 4.7452 38.4092 90.1243 70.1294  0.7259  0.7715  3.3437 
 5.3453 81.8863 90.9605 15.5176  2.4024  3.6029  3.9160 
 3.7956 17.8589 75.8438 62.6846  2.4822  0.9225  1.6886 
 4.8602 51.0174 73.6502 20.0959  2.9716  4.3135  0.2595 
 4.3123 82.1253 92.3662 93.4860  1.9381  1.0331  1.7315 
 9.8371 55.0789 45.8576 49.5531  3.3318  0.9430  2.6598 
 7.4546 35.9348 96.9546 15.1185  1.5643  4.2764  1.2039 
 9.1863 73.1169  2.4173 29.0001  0.9645  4.4210  0.8865 
 8.8587 46.9584 79.0444 36.9971  3.4418  4.6144  3.4708 
 1.2152 77.2884 71.5778 22.1560  4.3544  4.5971  4.7811 
 7.1929 55.1197 45.9423 12.7411  1.1689  2.9755  2.5820 
 2.8879 44.8308 13.6580 30.0646  3.4973  2.4984  1.3830 
 2.1762  7.0623  2.8507 10.5226  0.1900  0.9474  1.2645 
 5.5352  7.4245 48.0574 88.8076  0.3529  4.0632  2.5203 
 0.8481 13.4731 65.9895 94.3207  4.5079  1.0511  2.1872 
 0.9410 80.9607 84.1882 20.5435  0.6918  2.2121  3.4339 
 1.7402 92.7150 63.7448 34.2614  4.6523  0.6071  0.1273 
 9.7198 71.7362 80.6267 52.3003  4.9442  4.1841  3.9839 
 7.2378 25.3128 72.7523 84.4525  0.2226  0.1076  4.2732 
 3.4056  4.6024 67.8721 45.6573  4.3822  4.6326  2.7189 
 2.0581 82.4903 40.8078 79.0279  0.8374  0.2307  1.4402 
 4.9410 28.2455 53.9180 69.3471  4.8303  4.0649  0.2547 
 4.4803 15.0240 87.5996 24.0522  3.5625  0.2283  2.6656 
 6.7391 81.2114 94.6846 73.7466  2.9221  3.5562  0.1589 
 1.0957 40.7424 32.6814 80.3301  0.8015  1.0082  2.2264 
 3.4183 23.8652 11.6361 56.7765  4.2676  4.5008  3.9805 
 0.6967 50.2964 76.7899 73.2888  4.0280  1.9686  1.1084 
 6.5180 95.1744 89.7302 60.2437  0.3131  1.2364  2.9685 
 9.0514 85.8024 99.6062  8.7228  0.9114  2.4194  1.1335 
 5.4334 40.6221 36.2575 85.4722  3.3725  2.9913  1.5879 
 2.2338 18.5570 94.0109 30.3645  3.6519  4.4620  0.4482 
 0.0024 63.4498 87.6784 97.0111  2.6856  2.7836  0.4240 
 1.3225 99.5533 95.7121  5.4721  2.4926  1.8848  0.6121 
 2.2555 55.2585 26.0300 31.2935  3.0182  3.4132  1.7587 
 4.0575 16.9326 86.0149  0.5924  4.1170  0.7904  0.7154 
 9.5800 22.5410 26.3137 95.9641  1.8047  4.7690  3.4620 
 5.5100 57.1364 91.2295 20.3089  0.1535  4.4896  3.1516 
 6.4057 89.5045 21.2351 14.8316  3.1621  4.7614  1.7470 
 2.0828 70.3766 89.2577 88.8205  4.8529  2.6051  4.3661 
 2.0467 76.1906 77.8482 36.9456  0.7996  4.3899  1.2776 
 9.9673 31.1988 32.6611 84.9934  1.3378  3.9412  1.9151 
 8.3282 27.0380 36.1365 98.7677  1.8966  0.4154  2.0659 
 9.4676 66.9687 51.7825 32.6066  1.5313  4.5029  1.2380 
 2.1629 81.7204 66.4046 62.2999  1.7131  3.6583  3.2008 
 2.2210 20.0012 18.1212  0.0687  3.7454  2.5757  3.0437 
 2.7017 66.8984 70.0826 47.3932  3.1637  2.9517  3.5421 
 3.2431 97.6959 81.5351 47.9023  3.8226  2.3739  2.8555 
 8.7784 58.1477 76.8448 47.2243  4.9586  3.5388  3.4018 
 3.8162 95.0645 23.9035 29.1881  4.7352  3.1151  0.7829 
 3.1576 88.0649 90.0689 80.8049  4.8265  0.0466  1.3939 
 5.7924 39.1267 99.6016 60.0316  4.0417  3.7229  0.8423 
 2.0265 50.0803 42.7842 77.5946  2.0720  4.7175  0.8541 
 7.9980 76.8128 73.9394  3.1180  3.4972  4.9115  2.8629 
 9.5949 12.7829 15.8044 49.5581  0.3294  2.7448  3.2390 
 5.6921 49.9751 91.7603 50.5620  0.8649  1.3208  2.4612 
 2.4414 61.9982 96.4508 74.5391  4.7055  4.2540  2.2931 
 7.6629 65.2186 36.4348 13.8801  3.1381  3.7877  0.5259 
 1.5363 92.0000 74.0323 17.1940  3.5493  4.1055  2.0122 
 8.7223 23.5266 85.1943 59.0080  1.4965  3.4259  1.4610 
 3.5750 84.8562 39.8823 65.2190  2.1548  0.0521  2.8856 
 6.2285 49.2740 22.8167 71.7887  1.5948  3.4392  1.6041 
 9.5205 62.2823 63.5529 10.9932  3.4922  4.8899  0.4846 
 7.9454 40.9329  4.7925 57.7167  0.5031  4.0442  4.2129 
 9.1963 92.2238 73.8530 48.6474  0.0661  2.8503  3.4666 
 6.7598 48.3498 94.9396 10.8564  1.0572  1.6084  1.9064 
 5.0064 21.7379 41.3285 13.5171  0.5784  2.1205  1.6301 
 2.2232 59.3486 28.4390 43.0662  3.2758  4.7243  4.7590 
 5.7902 79.0070 50.3951 46.7045  1.7212  4.3339  4.8592 
 3.1741 77.5876 11.4555 25.4014  3.4393  4.0379  2.2305 
 5.0818 66.4997 78.7931 18.7189  4.6515  0.5696  1.9697 
 6.3006 21.0613 79.1347 53.0417  0.3381  0.9891  0.4933 
 3.4443 32.0933 58.8111 89.5607  1.9096  3.4552  1.8526 
 8.2391 98.3834 65.9788 59.8901  3.3223  3.7398  1.0355 
 3.3908 19.2367 46.3950 47.5420  3.0868  4.0344  3.3027 
 9.3990 35.7497 47.0804 58.4874  3.2891  4.3055  3.4396 
 7.9851 12.6494 77.8348 69.6082  3.5568  3.7638  2.7343 
 0.8948 26.9460 53.9079 15.2731  4.5088  0.1056  2.5922 
 2.5880 39.8616 46.8735 36.0961  1.2335  2.5845  1.1664 
 0.8261 36.3605 54.0385 33.2548  3.7925  1.7397  2.6647 
 3.4909 88.4333 72.2127  7.5918  0.5381  4.3441  0.2751 
 1.8477 67.8266 29.8772 60.4181  3.3323  2.1351  2.3504 
 7.5377 74.5319 40.2390 24.5501  0.4341  4.2747  2.3887 
 0.0392 96.7773 52.1871 32.0514  0.8353  2.3130  0.4041 
 3.8337 87.6062 79.7516 17.2788  4.3974  1.4396  0.7964 
 8.2914 76.1547 99.2809 53.3148  1.7091  0.1313  3.8234 
 2.4722 15.8040 14.9155 54.8858  4.6211  3.3199  3.5132 
 1.3764 63.5008 20.2968 40.1133  4.4850  2.5739  0.1299 
 5.9142 70.1728 44.5364 96.9631  1.1921  0.1946  3.9269 
 4.3908 74.3667 29.0622  6.5882  1.7221  2.3540  3.3633 
 0.4835 22.8661 42.7622 56.8541  1.0891  4.6207  1.1471 
 9.3829 41.9999 79.1610 66.6804  1.1329  3.5227  4.6483 
 6.3369 42.4212 68.4168 75.8389  0.4244  3.4964  4.9226 
 0.4845 66.1492 52.6575 62.7898  4.1130  3.5274  2.7040 
 9.4136 16.5528 61.2878 62.0941  1.5605  2.2886  0.0289 
 2.2675 58.8080 96.9953 14.6718  3.4822  1.9446  4.8503 
 5.8113 73.6949 26.3909 91.5422  0.4332  1.4103  3.0727 
 7.1175 21.4271 85.6687  0.0270  3.0346  1.1235  1.7146 
 8.5761 64.4102 86.5961 35.3402  1.4065  1.2826  3.4699 
 5.0314 28.5431 30.0066 41.2915  1.7151  2.4437  0.5961 
 0.0053 87.5531 35.2660 36.9116  1.6996  2.0992  1.2357 
 7.9221 96.1547 71.1446 70.4650  2.6796  1.6788  4.6997 
 2.8000 90.4013  2.8192 21.3342  1.7430  2.6697  1.6913 
 0.2372 82.4123 33.2067 35.6679  1.1443  1.0952  3.8170 
 5.8021 36.8717 15.0091 25.1607  1.3791  0.2374  4.7700 
 3.2341 79.0870 49.5097 78.0241  1.8891  4.0106  4.2187 
 2.3647 70.0968 34.6329 57.2021  3.6732  4.6139  1.4598 
 7.8099 17.6333 55.9351 73.2037  1.5592  4.4017  0.3954 
 7.6926 76.2930 67.4158 42.5342  4.4143  1.6995  4.8062 
 2.7812 72.2788 88.2797 89.3428  0.2436  4.6057  2.8143 
 7.2249 57.3467 13.2010 62.8081  0.1068  2.8334  4.2086 
 2.8846  7.5995 11.2585 69.8037  1.8051  3.7781  2.6490 
 9.5583 68.6746 94.0456 40.0665  3.0691  4.2763  0.3723 
 3.4410  9.8375 33.0999 13.7442  0.9094  2.8008  2.9787 
 4.5428 93.0356 48.6799 10.2080  1.9273  3.4327  2.2842 
 3.1078 15.0273 97.0326 30.2584  3.7747  2.7486  4.9261 
 0.0961 25.7891  6.8759 74.7690  2.3391  1.5500  3.4134 
 5.7888 78.2458 21.1636 91.0922  0.9957  0.1351  2.4110 
 2.2907 87.9199  8.8371 27.0775  4.4894  0.4934  3.6440 
 0.5405 39.5356 82.4601 14.6256  1.7855  3.9795  2.6693 
 3.8181 28.3234 24.5710  1.3845  3.2445  2.2844  2.2349 
 6.7925 43.7137 60.5245 12.6947  3.6231  1.6028  0.6756 
 0.3955 60.2918 54.7009 36.0931  0.8411  0.9562  2.6445 
 1.6182 40.3845 75.7540 66.0172  0.6315  4.6649  2.3246 
 9.2080 38.6320 16.4520  3.9572  1.9319  3.8486  0.6876 
 3.9412  4.7099 19.0248 87.7546  3.4481  1.3640  4.0157 
 7.3068 32.5961 55.3888 11.2143  2.5823  4.1065  2.3764 
 8.2149 69.5266 58.3597  4.2443  1.2257  3.8624  4.4270 
 1.1038 99.2256 16.8180 38.1712  1.9019  4.9316  1.4227 
 4.1948  5.3066 24.4521 33.3960  4.7730  2.8185  0.5938 
 4.7908 84.5457 77.6595 60.3714  1.7960  2.3377  3.9949 
 2.3802 33.2038 21.3942 30.2921  1.5284  4.4344  0.4049 
 1.5839 84.9769 69.2846 24.3549  1.5012  1.3022  3.1588 
 4.9584 52.5961  0.1132 42.3408  4.2454  0.6153  3.9531 
 7.0396 84.9063  4.1032  3.0365  0.7197  1.2112  1.7563 
 3.6376 34.9508 14.8453 47.5065  2.2936  1.2897  3.1241 
 9.6298 93.4802 27.0224 53.9639  3.9388  1.2939  0.6766 
 6.8746 66.9936 21.8064 73.2642  4.1401  2.6391  1.0163 
 1.4605 73.3961  9.4578  0.6669  3.2668  4.3682  0.5793 
 1.9737 53.8088 71.6185 27.3519  1.5103  0.3209  1.6834 
 6.7618 40.0420 69.3967  6.2264  0.6690  1.3865  3.4426 
 8.9919  6.6480 39.6005 61.4301  4.7095  4.0500  3.9885 
 9.0192 34.2963 48.8650 61.9618  1.1218  4.1009  0.5711 
 3.7810 81.2405 72.2524 79.8913  2.4277  3.4748  1.2006 
 1.1439 72.1829 28.4342  8.7737  3.3223  2.7312  0.6766 
 5.5689 28.7575 76.0724  9.3885  3.5240  0.5038  1.4095 
 7.3592 48.8658 68.9411 97.4851  0.0909  1.6707  3.2098 
 5.3274 86.2227 28.6982 69.3467  4.0126  4.6201  2.2580 
 3.2424  7.0240 58.6523  6.9240  4.5555  3.4028  1.6405 
 8.6473 37.1383 41.3482 35.0526  1.5277  3.8438  1.6824 
 0.7363  3.1386 41.2619 33.2260  0.5163  0.7040  1.5837 
 3.7383 93.9421 37.7243 50.4627  4.9675  3.7776  4.6714 
 7.5471  9.2839 77.0498 65.0687  1.4012  4.0611  0.4475 
 3.2295 29.2420 40.3669 77.1096  1.9428  4.7180  2.7405 
 4.7592 50.3114 49.4956 59.4088  0.6319  3.7589  3.5601 
 8.7849  9.6097 74.8727 24.1197  1.7772  0.5160  0.5714 
 5.9419  2.9416 74.0063 82.2615  0.2841  2.9143  3.6976 
 0.2691 22.5914 92.0412 94.9171  4.2920  3.1234  0.8237 
 0.6894 15.5749 16.9869 58.4453  1.4466  0.0602  1.3157 
 7.2827 74.7169 91.4132  2.2415  2.9280  4.1482  1.4976 
 2.9477 57.6595 11.7495 35.1646  4.2036  1.4983  2.6364 
 4.9601 98.6152 51.8147 92.4753  4.2970  1.8189  1.7849 
 7.7010  6.2872 35.2963 85.9495  0.4380  1.5362  1.7201 
 4.3014 38.5001 42.9935 43.9061  0.0905  3.4941  4.4440 
 9.1149 44.8337 15.3340 57.4023  2.1035  4.0741  3.2540 
 6.5294 45.6038 58.1960 66.6409  1.0388  1.8056  3.6216 
 5.9603 40.6760 46.8905 83.7983  3.0403  1.1239  3.5505 
 8.2946 47.7849  1.1878 39.7100  4.3936  2.3773  0.9951 
 9.8518 37.9922  3.1510 45.3853  2.3493  1.3459  1.7783 
 2.6646 74.2668 45.3465 30.1551  0.8922  1.3222  2.6356 
 7.9527 50.5492  9.9081 85.7222  2.2731  3.5129  1.9900 
 1.5959 83.7409 19.5993 50.0480  4.7965  0.0361  3.4633 
 5.4927 39.3384 40.1207 13.8404  3.6333  3.9627  3.9814 
 7.2179 29.3324 74.8346 76.2738  4.6963  3.8949  1.4207 
 4.5071 42.6654 19.8020 88.7865  1.7626  4.4226  3.5305 
 6.4613 20.8082 61.2966 82.3444  0.0307  2.8826  1.9731 
 3.2542 74.9607 73.1446 66.5871  4.6333  1.1287  3.0697 
 7.0711  3.8732 70.3542  7.2663  0.1046  1.7286  0.1736 
 5.8242 73.0899  5.0025  4.5562  4.2091  1.6850  3.2332 
 9.6154 85.3716 13.5932 44.0377  1.8730  1.6620  1.2483 
 3.1061 94.7844 66.9645 13.0636  4.7398  1.2409  0.3398 
 1.5412 49.2227 22.0014  6.4475  2.0448  2.7569  0.6932 
 9.6442 82.2530 52.9491 16.1411  2.1899  4.2120  3.8436 
 6.4799 26.2684 51.1149 89.4177  4.8492  4.5863  3.2457 
 2.3063 92.9156 72.2952 75.4942  2.7741  1.7917  3.7504 
 0.5180 98.4747 31.7109 81.0761  4.3620  2.6984  3.9076 
 5.1129 39.4528 44.9410 56.3593  4.2699  0.0385  1.3218 
 3.7220 14.6699 61.5602 71.1048  0.0541  1.6209  0.8113 
 4.4933 25.3279 13.8928 86.8247  2.8130  4.8641  2.5942 
 3.1912 28.8978 71.6396 30.1095  3.1816  3.4992  2.2245 
 0.0820 62.8658 41.7269 19.7211  0.5033  1.1811  0.0663 
 1.9143 48.3309 10.1186 66.8929  3.6258  0.7513  4.8063 
 5.1535 21.5848 37.8364 23.7550  1.5972  4.8110  1.8560 
 2.9211  0.2991 73.8179 32.4874  0.1903  4.9193  4.5658 
 0.6542  5.0439 21.8349 91.4855  4.0279  4.2835  1.1090 
 0.8722 63.4790 42.4090 33.1624  0.3027  4.6660  4.1779 
 5.0443 80.0447 77.0745 61.9722  0.4881  3.1486  1.2855 
 8.3558 89.1480 97.5849 92.4426  0.9030  4.4160  4.0507 
 4.2745 48.9299 82.7232 30.8671  2.3807  2.1669  0.9823 
 5.9467 71.1241 84.2263  9.9548  0.3815  1.2157  1.8479 
 8.9939 75.9314 60.2632 59.3730  4.8622  2.6658  1.3947 
 4.9848 24.8567 13.5879  9.6514  0.8812  2.5895  4.6521 
 8.3716 54.3063 81.3417 11.3355  1.8314  0.7603  1.4126 
 5.1783 90.0587 52.1388 41.2493  4.5561  0.5227  3.5845 
 6.1476 92.9498 29.3356 93.0942  3.2800  3.7938  3.3066 
 2.2861 49.7628 11.6077 75.1472  2.1538  1.1128  0.3511 
 6.0222 74.4430 98.1962 39.7916  1.2782  4.7501  2.3217 
 3.7640 39.7786  1.1918 86.1157  2.4536  3.4255  0.8776 
 1.8611 66.5820 78.0376  4.7025  4.8289  0.2744  4.0028 
 9.8993 29.1714 52.9026  7.0324  3.5189  2.5446  4.1487 
 7.3182 92.0765 59.6849 55.6936  1.4269  0.3033  0.2508 
 0.7576 92.7214 17.3748 62.5490  1.1670  1.0716  4.8039 
 4.1484 19.6409 76.3528 78.8443  4.0440  3.1384  3.4752 
 9.8743 13.0445 87.1240 14.6754  2.1484  1.6116  2.1711 
 5.0229 66.0817 65.8607 16.0754  1.9241  3.3518  2.5098 
 3.7521 37.7041 64.8996 41.9343  2.7834  3.4338  2.2575 
 0.2469 19.0269 42.4209 66.0760  1.3468  2.2229  0.5546 
 4.6858 78.1957 11.4856 65.1478  0.8064  0.0995  3.9587 
 9.8354 67.3428 78.1035 13.1565  1.6365  4.1163  1.9905 
 0.4790 34.6412 44.3460 56.2227  2.3006  4.6993  2.8818 
 0.0080 59.2110 20.1667 75.2669  1.6842  2.2202  1.6259 
 4.7386 59.7309 94.1152 77.1574  0.8778  1.4543  0.5228 
 7.3688  8.7543 81.8536 82.6779  2.4069  1.4397  3.1018 
 5.3645 12.5229 65.2465 58.2275  1.6523  3.5679  1.8874 
 0.0759 12.0122 52.4957 17.4420  0.2698  1.5339  4.1121 
 4.7329 33.6108 23.1098 11.9700  3.6788  4.9721  2.7566 
 2.6498 55.9254 37.3849 11.4510  3.8250  0.3019  3.6382 
 0.9633  0.1902 89.2081 46.6582  3.8499  3.1749  2.5172 
 0.4130 89.6384 61.3430 15.3916  4.0117  3.8510  0.5772 
 0.7366 53.0012 59.9529 41.1616  4.3570  0.9555  3.5746 
 4.8588 57.3986 11.3108 55.5865  0.5663  0.1179  2.6535 
 0.3983 56.8898 98.4536  6.0519  3.3145  2.1663  0.7432 
 1.3226 97.3560 22.0721 47.8613  4.6418  3.2087  1.2969 
 3.2195  9.0176  5.4951 37.0006  0.9218  2.3602  3.4438 
 7.2691 71.9436 39.5595 83.0563  4.7956  4.2930  2.3808 
 2.7984 25.8115 51.1059  6.1874  1.7689  0.4697  2.9762 
 2.4436 90.1274 24.8335 61.2101  1.1108  4.5731  1.8864 
 4.5699 26.8034 97.0382 45.6307  3.2278  2.7672  4.9671 
 8.5216 76.5184 39.6167 65.1647  2.3622  2.8726  3.3815 
 7.5272 61.0393 42.5707 85.7095  4.8472  1.6007  2.5224 
 6.5420 38.8792 16.7885  0.0457  4.9181  1.7380  1.3893 
 1.6759 23.0221 88.2961 44.9778  3.8347  0.9772  2.2956 
 5.8457 36.1226 32.3516 77.3192  1.0639  0.1723  3.5730 
 5.8653  0.2830 69.0196 25.1581  4.7434  1.1492  0.0823 
 5.6115 33.2024 90.9619 27.4792  2.6176  4.3168  0.2709 
 2.4129  8.0158 68.7784  0.6638  3.9469  2.2357  1.4713 
 8.8102 29.4039 72.0684 91.7890  1.4361  4.9999  1.7375 
 4.5468 49.0896 58.0413 25.9834  4.4533  4.4973  3.9619 
 8.9993 47.9810  5.6071 23.4514  4.5683  0.1546  1.0198 
 2.9223 74.7940 21.8175 78.0660  3.3041  2.5507  2.5787 
 1.4131 22.8891 94.6758 15.4873  4.2065  4.5516  1.4814 
 0.6311  8.7506 67.9005 71.0336  1.6675  0.6524  4.2268 
 6.8789 43.9020 82.2595  5.6995  4.3100  2.1055  3.5003 
 5.2198 43.0843 87.1437 59.2107  3.3862  0.0598  3.3717 
 4.5207 90.0831 90.6162 63.9343  4.5484  2.4848  0.5644 
 8.8734 55.4248 57.4840  5.7403  4.7706  2.4077  0.3079 
 8.2713 30.7232 80.2584  8.1149  3.9251  1.7981  4.8458 
 4.8517 27.4633 46.9045 50.5462  4.5764  1.2431  1.0469 
 3.2623 51.4138 68.1560 59.7827  3.4822  0.2660  3.2063 
 2.7929 13.4283 53.7763 47.8072  4.7400  0.4379  4.0297 
 6.5848 94.3910 75.7113 94.2971  3.9299  2.4300  1.4073 
 9.6628 69.6229 94.4963  0.6930  2.9606  2.3775  1.6612 
 3.1827 72.1647  7.3139 24.6600  0.3018  4.3232  0.4717 
 8.2904 93.9850 25.5577 64.0497  0.7859  2.5832  2.7762 
 4.0643 55.4475 46.4493 47.5646  0.1305  3.4158  2.1798 
 5.4553 44.7065 65.9676  3.0143  0.4971  4.8402  3.9686 
 0.5138 44.5949 85.1901 58.8092  0.5298  2.5857  0.5449 
 9.5527 57.4817 36.8772 64.5535  1.8846  2.4768  1.3720 
 1.8560 59.5737 11.6473 17.0303  0.2183  1.6584  4.2270 
 2.7932  6.3175 74.1077 63.4982  1.2319  1.5014  1.5868 
 3.8619 59.7988  9.4450 16.3734  3.8880  1.9417  2.3772 
 7.4860  7.0782 80.5335 28.0897  1.7616  0.4730  4.9520 
 5.5984 45.4992 36.4088 77.5066  1.6399  1.4383  0.8344 
 2.4743 52.9730 34.5784 57.9838  4.1248  3.6933  2.9202 
 5.7069 92.0022 72.7509 10.8724  2.1924  0.7217  2.3705 
 8.9305 97.8687 27.4291 74.8804  0.3969  3.6947  3.4051 
 7.6058 29.0560  0.8549 90.0537  3.9361  2.8714  4.5021 
 0.1351 84.7787 85.1615 77.5378  2.2296  2.6700  3.5989 
 8.7045 89.1494 94.8529 34.7066  0.1376  4.2931  0.1391 
 1.0618 41.8105 91.9139 91.6523  3.8081  1.2779  2.5520 
 3.1116 32.8459 29.4700 25.9065  0.8236  0.7588  2.8789 
 9.3565 69.7689 45.7117 78.0989  3.5890  1.9416  2.2500 
 9.2106 34.6728 54.6032 85.1026  3.9840  2.1956  4.6496 
 8.5902 37.9797 57.7495 83.4777  1.6949  0.2196  3.3096 
 0.3290 99.4827 82.9248 66.7032  0.5266  2.4040  1.2776 
 1.2691  4.0578 79.9481 55.1034  3.1632  4.3189  1.6599 
 2.1447  3.0187 58.0261 88.1450  3.3417  1.2901  4.3716 
 0.8948 80.4387 68.7129  7.9120  2.0402  2.3731  3.5127 
 5.4289  4.6169 13.6008 53.5799  3.5058  0.4534  0.4058 
 9.6562  1.9344 52.3536 22.8927  2.4402  2.5003  3.3809 
 2.5306 57.1377 67.7520 71.4852  4.3523  0.3281  2.3267 
 1.0592 56.9083 20.9217  7.8485  2.9202  0.2041  0.7461 
 3.2674 30.5329 92.6747 87.1331  4.9685  2.6461  3.4307 
 7.0022 16.3920 22.8160 90.1493  1.0017  4.9357  4.4425 
 5.8207 39.5924 89.3639 20.7002  4.8258  2.6271  2.1540 
 4.9691 52.4824 96.2512  9.7115  0.9335  3.3573  3.3641 
 1.7828 97.1278 34.2533 34.9620  2.9360  2.6613  4.6654 
 4.2054 56.4673 50.5571 82.9097  1.4045  0.2003  3.0128 
 1.2779 68.5605 83.0302 76.1128  4.4677  1.8432  2.0603 
 7.3177 11.5357  0.3193 40.7161  1.4427  2.6286  4.2835 
 6.1485 24.5500 84.0386 33.3123  1.6482  1.8119  1.4796 
 1.9737 16.8518 36.9209 99.7425  1.9728  3.0138  2.6238 
 3.2985 69.9526 14.8336 53.5926  1.5514  1.8886  4.7610 
 6.0751 65.6230 53.6727 94.3564  4.4494  3.6108  2.2321 
 0.8772 32.9526  1.8244 37.7796  1.6253  2.7108  0.6086 
 9.7218 31.4564 34.7839 61.0849  2.7320  2.0048  2.0610 
 7.4156 60.0578 23.6199 77.6588  4.1364  1.3333  2.3966 
 9.8738 98.9631 70.3661 95.1241  0.8651  0.2101  4.5111 
 1.0812 67.4003 95.0978 22.6661  3.9083  3.8069  0.2777 
 2.7977 46.7891 27.3315 38.5739  1.6472  4.4516  3.6866 
 9.5360 86.7050 17.8521  3.0855  3.9157  2.3514  1.3825 
 7.6992 25.3878 65.3700 15.7452  1.0205  0.3489  4.9616 
 3.8850 29.0540 33.3963 46.7713  2.2478  0.8311  3.9225 
 4.1949 51.1001 90.8189 16.0486  0.6444  4.1555  0.0864 
 0.2047 36.3723 10.4951 36.3987  2.9978  4.5605  0.0566 
 9.9601 66.8362  1.2487 37.1767  0.7197  3.9634  3.0661 
 4.0497 53.0014 70.2414 79.4232  3.8275  4.7894  1.9110 
 0.5029 69.9974 95.9524 20.1352  0.4817  4.7378  3.1146 
 6.5742 96.6110 42.8890 16.8055  4.6559  2.9441  4.6543 
 3.2453 84.6061 52.8047 58.3731  2.6530  1.7703  4.4372 
 9.7596 47.2327 86.4997 67.4264  1.1018  0.8730  2.5514 
 2.4064 68.3863 34.8703 31.5558  4.1336  2.4762  2.3769 
 4.8453 62.9441 20.2859 61.8981  4.6838  0.6366  3.5521 
 1.6608  0.4652 32.8487 89.6540  3.8440  2.1286  1.9881 
 7.8891 65.7574 16.0728  6.6009  4.8234  1.1424  3.8615 
 7.2540 31.0950 63.7745 90.4513  4.5163  3.5306  1.9969 
 8.3229 47.3973 91.4929 83.4758  1.8549  4.9925  2.2270 
 8.4870 32.6324 14.8630 70.9872  3.0799  1.3216  3.3385 
 3.1629 96.3766 12.2642  4.9869  0.9745  2.6791  3.0479 
 9.1540 75.3008 97.2680 92.6492  4.1939  0.2725  0.7994 
 3.4319 68.5349  4.4737 42.3668  2.6238  1.8272  4.7933 
 6.4447 24.3587 92.6731 42.1812  0.1106  3.9462  4.9835 
 0.3406 35.0738 80.9630 33.0541  2.8580  1.2963  1.0555 
 5.3688 87.4191 80.9845 46.7289  2.1759  1.5263  3.7634 
 1.1680 64.1511 31.9948 92.8224  1.8070  3.5108  0.5585 
 8.5592 49.6314 12.3690 27.2966  3.2685  2.0845  2.2224 
 1.1725 15.9727  8.4647  6.3277  3.9001  4.6349  1.1263 
 9.2463 65.9084 99.6585 23.3791  3.7548  0.3235  2.3534 
 5.6874 60.4135 14.0263 26.5171  3.4233  1.9461  2.0816 
 6.9807  4.5553 14.2375 44.2478  4.8730  3.5107  2.4773 
 8.6582 73.2463 91.9836 78.1625  2.1787  3.4771  0.1239 
 3.6490 85.6481  1.3369  6.9608  4.7611  1.6610  4.0830 
 0.1639 31.2815 22.9503  4.5906  3.7061  2.1531  1.6380 
 3.0469 60.3424 26.7935 39.8478  2.1648  4.1065  1.1257 
 1.9950 13.5052 44.6557  6.6300  3.0727  1.6220  0.7535 
 8.3688 64.0896 82.9168 82.8474  4.3434  2.9347  2.9144 
 7.9624 58.6591 76.8882 73.5935  0.4165  0.9017  4.9138 
 0.2252 31.6086  4.0239 75.4556  4.3385  4.8038  2.8886 
 0.5033 50.3015 87.8126 82.3602  1.1384  1.1921  3.2796 
 9.7098 36.2722 17.1096 37.7409  1.0128  1.5580  0.5441 
 6.8585 51.9589 17.8245 40.1687  2.3934  2.8614  3.6822 
 2.7081 46.2457 12.3766 12.9574  0.5556  3.1699  1.4623 
 9.9662 81.3057  4.8201 50.5738  4.2331  0.6984  1.3630 
 8.2925 70.0230 37.5919 53.1139  1.0976  0.8048  4.5282 
 6.3645 89.4582 36.3813 39.0877  4.7367  2.8215  0.4853 
 7.4382 74.2122 39.4334 73.8967  3.8295  0.6361  4.4438 
 5.9047 92.0842 81.9987 66.0833  0.6775  2.5613  0.8813 
 1.0775 65.5783 78.5817 33.4278  2.9625  2.0251  3.6864 
 5.6638  1.8143 77.3584 10.6226  2.7575  2.3725  1.2217 
 8.8601 20.5639 75.6064 27.6053  3.6741  4.0070  0.0911 
 6.0327 76.4797 92.9370 91.4272  4.0116  2.7592  3.5923 
 5.0395 74.3006 74.8127 90.0976  4.8451  4.1526  2.3727 
 3.0546 48.7703  8.7353  8.6861  4.9143  3.5683  0.6823 
 2.0995 68.3380 70.9236 62.5458  0.6056  2.6089  0.8602 
 4.9471 69.6891 76.2188 73.3089  0.1415  4.0032  0.4375 
 1.3565 35.6023 87.9108 21.6289  0.8620  0.9937  1.3769 
 6.4145 78.3446 94.8310 16.2744  0.0102  0.4922  2.5180 
 6.2988 36.6797 61.7837 99.2653  3.0993  2.5704  4.7927 
 3.8503 20.7485 53.0134 54.0475  3.4281  4.3696  0.2740 
 9.0293 63.1183 78.6339  4.5339  0.7003  3.9959  1.1420 
 3.7522 59.6662 55.6884 63.5583  2.7365  1.7287  3.7857 
 5.2208 82.6319  2.8904 32.9353  2.6216  0.7310  1.8863 
 1.0728 71.2544 10.0908 67.8857  4.1863  3.4102  1.2839 
 3.8660 60.6676 31.7763 97.8009  4.3171  0.5064  4.1596 
 6.8989  8.1270 40.2928 59.2132  1.1709  3.8172  1.4289 
 8.0801 60.9635 83.5268 32.0367  1.4674  0.3505  2.3724 
 1.2895 96.3011 78.0284 49.0756  3.1714  2.2835  0.2606 
 4.5855  4.7697 74.5472 45.1424  0.4037  4.8223  2.0633 
 8.6614 27.8501 40.0357  1.9329  1.1458  4.9765  1.6879 
 7.4916 42.5952 77.4204 73.0080  4.2836  4.2463  0.4239 
 8.6439 92.7356 85.8445 15.7427  0.9050  2.1407  1.6166 
 8.9398 60.7143 84.6810 55.0606  0.4193  0.0434  1.3658 
 5.7972 31.1816 63.6644 85.6477  1.3053  2.7366  1.6173 
 7.9898 87.2186 73.5813  9.3318  2.4739  2.1584  4.2362 
 8.2163 36.8013 48.5578 44.7625  1.4051  2.0516  0.4733 
 9.8002 74.5168 39.2179 66.4876  3.9941  0.1536  1.4254 
 9.6227 32.9102 24.2818 39.1186  4.9922  4.9230  3.0893 
 4.4125 91.2414 89.4715 72.3803  3.1343  3.9453  0.3429 
 3.5003 74.3741 29.6194 96.1396  2.0429  0.6195  1.7702 
 5.1541 47.1203 16.8762 68.9942  2.8426  0.4720  2.7228 
 3.5552 21.2251 10.6703 29.5363  1.5241  2.6320  2.8788 
 6.6313 59.3646 94.3024 69.6763  3.2378  4.2127  3.9635 
 9.1355 78.4056 62.9495 77.8478  2.5088  2.9012  3.8874 
 3.0145 34.5910 43.9619 84.5224  1.6711  2.2036  4.0131 
 0.2378 17.4339 11.4220 96.1484  0.2042  0.8422  0.2993 
 5.9935  9.8664 60.3673 17.9698  4.9989  0.6560  4.6577 
 2.5741 52.0144 72.1059 71.5439  2.0063  3.5228  3.5600 
 8.8573 24.6169 19.2734  3.9310  2.3061  2.2396  0.6854 
 2.1269 83.2355 83.3375 56.5647  4.6634  2.3494  1.5329 
 0.3911 75.5000 12.0195 33.9653  3.8568  2.9897  1.1295 
 5.1492 19.1294 46.1263  5.5037  2.1574  1.9922  0.8721 
 7.7296 50.2646 72.5760 43.2351  3.5977  1.8573  1.5873 
 1.6237 89.2740  2.0973 47.3867  4.7523  1.8215  4.1380 
 2.6427 16.6666 93.1352 20.8052  2.1208  0.3564  2.4839 
 9.0706  8.5272 93.5667 76.6831  0.8190  4.1724  4.0666 
 4.4260 59.0512 65.5838  8.1537  2.9940  0.8225  3.9709 
 4.0231 63.5906 39.3793 22.4901  0.7788  0.5816  2.0063 
 2.9450 45.5640 58.1241 63.7995  0.4170  0.8595  2.8144 
 0.8285 49.8744 80.5170 27.5442  3.6074  3.0311  4.5350 
 9.2351 47.0784 84.2391 21.4643  3.4928  2.4033  1.4066 
 0.5817 86.7246 48.2546 47.7961  4.2591  3.6659  0.6991 
 4.0249 67.8031 28.5317  0.2244  1.4404  3.1000  3.7050 
 9.3566 90.9298 67.1537 94.0501  0.9141  4.9802  0.6522 
 6.1961 16.7059 16.8651 25.8586  1.5825  3.2909  2.2885 
 6.4956 63.5125 44.2651 78.0613  4.2291  2.1108  4.3060 
 5.8486  8.6353 35.8126 57.2629  3.6407  3.5853  0.8773 
 8.8167  2.2417 91.3921 48.2362  3.8048  4.0888  0.8634 
 5.8873  3.8963 43.1132 53.6265  4.4515  3.9516  3.5793 
 3.3920 27.1758  7.4155 18.9209  2.8151  4.1005  0.9615 
 2.7841 26.0985 25.2815 75.8794  1.5827  1.5425  1.0793 
 4.2479 87.2527 46.7260 67.9416  4.5681  4.1821  0.7471 
 1.7131 86.3717 62.7238 30.2735  3.2442  1.3701  3.8934 
 1.0083 75.1404 46.0274 51.5157  1.8503  2.9728  1.1132 
 6.3519 48.5424 90.5488 16.1991  2.1243  2.1394  2.4718 
 5.6894 92.7049 67.1043 32.9732  3.8494  2.2164  1.2911 
 8.3976 14.8221 24.2510 33.6769  3.0892  4.0414  4.4290 
 4.5244 36.4061 27.1293 27.3501  0.6902  1.1172  2.9091 
 9.9557  0.5893 49.5307  8.7192  4.9948  2.8303  1.3506 
 3.1832  9.2090 58.9187  7.8075  0.3146  1.7882  2.4570 
 4.0970 98.8658 97.7096 52.5293  4.6768  0.9174  2.1790 
 3.8031 29.2761 48.6502 14.3939  0.1181  0.3039  0.2803 
 2.9401 94.4234 59.4806 71.6731  2.6392  4.4250  3.5684 
 4.5792 80.1538  4.1393  4.5834  4.8228  1.3198  0.5281 
 8.7122 60.2903 15.7191 36.8038  2.6400  4.6891  4.4543 
 6.3975 11.3992 40.9175 50.8999  0.3932  1.1559  3.1462 
 0.2431 90.4055 13.3594 79.0166  3.5294  0.0882  2.3437 
 1.7414 56.6169 85.0609 69.4352  2.9763  0.7482  4.5055 
 0.2632 15.4357 28.9027 76.5813  4.6491  4.8909  0.5319 
 2.3823 58.0126 25.2931 15.8058  3.9008  1.4614  2.1800 
 0.6170 15.6080 80.4982 54.4691  4.5924  1.7939  1.3234 
 5.9311 45.9509 86.2815 10.5891  1.7706  4.1498  3.6570 
 9.5215 59.0495 12.0493 88.7043  1.3224  2.6481  4.8837 
 4.0118 79.6857 40.6993 91.0219  4.6626  0.1875  2.7445 
 5.6488 89.8743 50.5527 20.9268  4.2182  2.9967  2.7129 
 2.4573 21.3213 70.5846 41.9728  2.3863  0.1345  1.8629 
 1.2078 10.0758 22.0476 22.3678  2.2520  1.7581  1.5999 
 2.9126 41.3198 60.4335 26.9188  4.8383  3.7201  4.8247 
 0.7794 95.7217 68.8170 48.1532  2.9492  0.7646  2.7001 
 5.8306 77.7844 84.1630 19.0242  0.3161  0.8757  4.2839 
 6.8957 40.5099 99.0245 19.2516  1.9269  2.5178  1.2254 
 4.7648 91.8487 10.6140 79.0966  1.9411  4.5787  0.0111 
 8.7811 91.8715 95.1510 61.6111  2.1689  1.0821  3.5939 
 0.6172 86.6346 62.6398 12.3581  4.0659  0.6060  4.2224 
 9.1436 13.2570 94.2878 73.2632  0.9097  0.0899  3.4234 
 8.6797 36.2152 22.1190 56.7361  0.6194  1.2505  4.4584 
 7.3453 70.6640 89.6965 77.6473  4.7502  3.5978  3.9740 
 8.7704 87.0148 60.2147 12.6432  0.4064  3.2190  0.5916 
 3.8979 98.2852 10.8912 25.7163  1.6264  0.3025  3.2274 
 4.6544 17.3240 50.5380 12.6868  4.2176  3.0450  0.0559 
 5.9333 71.2086 31.1098 74.9091  3.9046  0.1835  1.2383 
 7.5169 48.9625 46.6379 83.0938  3.8616  2.0624  3.5452 
 1.8883 68.0645 11.3363 89.7170  4.4958  1.5159  1.8657 
 0.7447 29.1489 87.3034 89.3105  0.0472  4.7084  2.6258 
 8.6102 61.2527 67.9710 31.8244  4.9161  2.4587  3.4132 
 8.1536 93.5399 35.6511 13.2795  2.1254  3.0781  3.6997 
 4.0981 43.0473 23.6495 44.2076  3.8203  1.9889  0.2970 
 5.9767 95.9888 49.5248 33.5804  1.9530  1.6423  4.9808 
 3.0173 34.3062 87.3897 56.5248  1.4739  4.8965  3.2220 
 1.8531 34.3652 26.4016 26.4012  0.7818  3.2561  1.6017 
 2.2477  7.8937 95.1857  1.2291  0.6755  3.0152  0.8884 
 4.4890 54.9830 42.1239 31.6929  3.7152  0.8632  0.1325 
 3.0181 71.7848 93.3202 21.7150  0.8668  1.7525  0.1542 
 8.3964 64.5044 76.9886 92.0036  1.4942  4.3696  4.3694 
 0.8926  5.7729 14.0571 85.8850  1.3503  2.7711  3.0054 
 1.9939 64.9121 84.2901 39.9492  2.6545  1.3559  3.6133 
 5.0137 44.7477 44.8428 93.0476  1.7839  4.3149  1.6743 
 9.8485 64.1653 57.8806 27.2105  2.1863  4.1175  1.8377 
 1.1253 62.7286  1.2144  4.5892  1.1371  0.4494  1.4360 
 1.3450 66.0403 60.2064 62.6331  3.7670  2.6749  3.2433 
 6.3422 76.8933 20.8499  1.3079  0.4252  2.3417  0.0358 
 3.9701 66.9771 97.7094 39.1568  0.2671  3.4060  1.3523 
