465
413
909
598
572
285
203
741
557
728
245
438
659
367
821
548
989
487
663
670
722
131
237
354
783
680
861
36
307
267
254
266
137
308
586
696
717
449
482
691
926
473
2
906
223
778
276
7
621
776
289
392
192
434
949
899
43
404
823
726
161
121
994
692
390
623
455
257
59
866
977
148
681
917
234
524
218
987
719
26
347
605
543
61
734
84
113
260
467
597
569
184
171
485
255
884
214
162
805
100
992
581
814
397
373
536
495
618
888
970
566
128
316
648
239
657
306
711
752
55
519
912
102
637
377
503
625
173
274
472
142
428
971
410
127
974
150
221
967
732
595
62
830
112
910
714
679
794
92
986
226
169
904
706
250
755
772
284
19
779
28
923
558
38
4
800
853
505
736
673
724
620
85
733
3
704
932
556
0
834
872
631
88
331
411
461
242
594
539
844
264
554
530
520
900
507
881
117
552
335
978
796
313
201
63
27
87
33
874
969
477
67
251
624
205
210
333
115
366
862
49
423
252
17
111
31
547
202
24
723
860
984
182
617
9
684
766
922
166
437
591
688
348
920
300
580
677
153
273
533
497
808
826
804
356
893
172
327
869
759
891
998
181
53
278
743
959
649
446
944
179
863
108
207
499
513
41
381
868
16
640
200
742
933
753
384
99
746
64
442
375
820
980
109
396
362
835
954
744
836
968
269
339
795
634
456
555
21
228
972
399
730
532
385
240
298
280
761
315
444
676
114
388
56
18
538
445
370
483
991
662
544
476
612
628
371
47
491
480
453
460
190
541
72
94
89
878
842
101
582
78
439
296
596
342
145
652
330
518
889
935
930
626
337
887
643
666
669
979
494
429
489
174
400
430
464
829
323
781
915
740
457
191
334
647
198
849
133
185
141
98
697
882
504
119
698
350
332
355
940
592
718
320
144
189
466
231
644
293
707
248
236
898
775
118
358
593
545
739
528
913
8
999
220
516
721
553
965
748
542
945
665
916
797
990
571
654
398
15
526
941
90
130
928
877
6
760
857
633
927
412
792
336
997
416
470
921
60
601
286
880
193
749
763
606
20
151
270
919
176
735
947
695
204
938
996
23
773
39
642
629
391
837
140
957
964
155
809
116
180
1
76
661
875
393
870
351
235
68
578
993
658
120
551
822
380
125
295
361
238
417
196
951
170
35
895
387
894
762
630
911
786
905
713
177
302
616
58
5
415
147
576
216
764
839
383
322
447
281
584
81
379
859
973
194
851
627
646
199
462
122
50
159
812
664
107
432
167
871
570
77
983
525
918
241
403
639
328
565
448
756
158
374
57
710
256
549
324
318
966
433
672
143
426
575
378
82
818
791
215
73
246
641
247
168
359
458
230
345
784
939
502
750
988
30
160
685
599
793
953
149
560
931
771
852
879
981
737
363
671
346
963
757
74
105
211
843
561
995
83
261
774
668
803
268
962
213
604
468
725
459
425
418
790
271
376
501
46
262
840
435
650
277
288
365
854
865
848
188
79
831
124
305
777
768
405
694
500
34
11
506
510
71
136
25
683
535
110
789
421
867
674
325
603
799
770
832
613
587
705
481
368
317
10
303
708
850
44
219
156
132
934
758
527
353
956
493
703
948
686
484
729
715
233
608
511
389
14
126
492
29
841
259
660
976
357
579
475
66
590
908
765
395
573
896
104
619
610
955
314
635
856
960
103
382
187
801
942
754
422
716
139
767
806
682
563
106
436
163
258
134
975
564
529
95
343
225
32
636
678
129
702
48
222
816
65
687
873
292
712
463
208
97
602
197
340
420
985
802
512
847
471
86
540
275
780
452
890
311
700
178
419
217
157
490
667
745
815
443
925
982
769
614
227
607
901
310
537
892
902
265
290
206
838
876
401
152
431
321
811
824
693
326
788
164
301
12
75
253
424
91
534
195
819
936
469
531
929
406
833
638
440
924
807
782
515
727
54
615
409
651
123
583
291
135
304
508
450
655
574
567
585
486
907
496
283
798
568
562
249
186
37
522
146
645
478
559
632
70
943
828
13
751
701
885
441
864
454
488
689
349
369
609
372
96
514
45
858
886
279
40
946
209
479
299
427
517
827
699
232
577
408
474
309
937
287
364
903
272
407
690
588
263
523
897
69
622
294
175
229
451
282
952
855
344
244
402
950
224
154
817
414
656
243
360
747
498
93
386
550
297
813
319
546
825
329
611
338
22
709
80
183
51
738
42
810
394
787
883
720
138
165
845
600
846
731
509
785
914
961
312
212
521
675
52
352
958
341
653
589
