1354
4571
495
1807
1303
4729
2451
1699
2937
3767
3238
3276
4355
2410
3813
1796
3993
3262
1756
313
3083
4905
2751
1215
110
3206
2460
1884
4433
2278
4843
2625
4948
4637
4593
4523
4296
2613
2506
4923
746
3330
2604
4721
2485
535
2655
1064
4201
2073
4719
2017
1411
1117
3897
4561
2081
2169
913
2158
1959
641
2524
3721
69
4183
4396
4202
4854
2044
1390
85
1087
2070
4258
1058
1131
3465
4476
3389
543
214
2768
1733
1527
1642
2932
1223
3924
1556
4335
1319
3775
4799
515
1577
3632
544
744
2300
4786
4310
1413
818
1677
1880
3705
1172
113
3233
4580
1743
378
3026
1265
2398
289
3066
1167
1792
4633
757
1341
775
1464
4542
4565
379
3450
2212
3226
3164
4185
60
778
4010
3840
3078
4043
477
716
2162
4472
430
2111
3785
3533
640
2907
4375
2530
4413
4760
2254
3266
4699
3362
2710
86
730
481
4816
3545
747
376
3129
305
93
525
3729
1562
2478
1030
1102
4866
2623
4030
2195
1655
1755
2200
1437
4987
1257
2406
2861
1392
296
486
2255
2223
649
2665
3685
3890
1441
1386
4713
2913
1615
4245
4475
4759
3355
264
3667
282
4624
1836
1299
573
2575
3662
2042
4724
1714
1800
1361
2701
18
4684
974
1097
365
232
2434
4563
31
4191
4305
862
3878
1052
1636
770
2800
3845
1070
1975
2217
4395
1582
1065
2611
1206
1966
154
1214
1401
3013
3581
132
931
3110
1326
4217
3552
4515
1912
3434
853
4356
3277
926
3087
2984
2806
3442
750
1567
293
2558
4754
3676
2579
2747
3622
89
2413
4742
3988
58
4014
951
2578
2120
540
3358
2379
577
4619
3774
2298
4659
1480
2630
4123
2936
4867
337
1486
2868
3283
3517
681
2286
1675
2271
1735
361
3546
1940
3817
462
3075
208
1998
4896
4056
2837
4706
404
485
4343
2781
2036
3891
2053
772
1909
714
362
1883
3462
2668
2000
1865
3108
4573
4302
2116
4314
2029
883
4589
703
3881
2573
1415
2734
3422
4841
3385
4235
2528
2588
4458
1119
3865
1707
819
4025
227
364
4225
2185
2228
1656
349
4491
4783
2819
201
1094
2316
4008
948
2921
4536
4509
2080
4328
3012
1888
3369
2789
3141
105
2516
3755
3979
684
4807
1175
1606
4182
4257
4521
2061
84
2444
1837
2612
1941
4782
286
1399
2154
2917
1934
2297
4505
2334
3708
3461
964
889
2354
2691
3841
3854
2557
1375
763
2249
1977
2134
1781
1976
2476
4500
4540
1188
468
3990
3451
1803
3577
38
1861
2748
3933
3169
168
3788
1887
4794
669
4220
3818
3140
4208
4432
2688
3299
1754
2536
2403
2344
3174
4251
3114
8
3576
733
3855
4688
4322
4125
2786
1968
3689
1868
4890
3091
4621
1132
654
2498
2707
2869
1927
3718
4863
1915
1956
3441
2757
2174
1450
2858
1611
805
4379
2055
4527
4739
3513
2307
3093
2990
1387
1518
1229
4555
2377
2425
2670
2198
2355
3019
4876
570
2989
3741
2702
2956
1517
2873
919
4099
4638
3963
1945
3715
3433
3237
397
1409
2525
2726
3742
2916
1669
4131
3808
4041
2245
1773
1042
3077
2607
2343
578
439
2931
4421
3050
3951
2787
189
745
3621
850
1372
691
1155
3030
406
4389
1231
3210
4207
2933
1364
3365
4411
4109
2045
43
2415
2585
30
1397
4488
3443
2584
1146
1274
3920
564
1365
1543
4178
4910
1343
143
1587
1845
4451
4937
1495
265
4058
4307
4591
639
3288
2687
2505
4401
4293
4907
354
3565
755
3910
2593
2527
2608
813
4107
2529
2060
4805
1695
1595
865
1249
1943
1824
4980
1575
1205
4009
550
1115
1069
418
3220
1715
4089
4769
1478
3489
4200
2030
3991
3529
3928
3903
3753
2899
3880
285
3723
3396
3789
871
3536
203
4851
1997
1010
1872
1208
4834
940
288
508
3153
1766
2712
2743
3040
4404
3511
1449
3092
1944
3856
4674
312
3424
2258
3644
3335
1264
445
3652
2119
975
2260
4246
2935
4728
4161
4415
4032
4824
1268
4666
1823
645
2940
1217
2242
4007
1419
682
2035
4932
1321
1086
1930
2167
424
2142
1157
1057
3300
460
448
1541
2404
1853
3082
768
339
1068
301
2910
4370
3745
2543
1629
2432
1729
3178
4324
815
4608
4554
999
3601
3372
1828
332
2317
3021
618
1491
3139
2087
3185
3791
1067
1456
2486
924
3408
532
2580
589
1138
980
299
777
2997
4646
4453
3101
55
741
4519
2475
4152
4291
1525
2614
3182
1833
2620
2213
3730
4081
1643
2637
4485
3423
3894
4885
3171
2719
3483
3670
3497
857
2365
2682
4513
1107
333
993
4392
1601
3203
4265
3550
1284
4027
3163
4361
713
3255
4528
3436
3351
623
2392
3282
417
2589
3606
1356
3727
4286
1
2815
2621
3848
2534
3208
4376
1025
2395
251
662
2018
1379
1542
1222
3500
1818
2656
4858
499
502
4870
4336
643
3666
4809
4746
1812
2034
3857
3460
2191
3214
1540
3977
2511
1710
856
4205
3168
2422
689
2764
4405
1873
3690
3975
937
3739
1309
3249
193
4074
4496
2125
1903
2347
3681
318
2483
2232
162
2136
3738
660
185
407
2752
2339
1709
1641
2827
2564
3292
3528
1327
3439
1473
1416
2138
4412
2206
4921
3432
1594
3707
1269
2128
410
3743
1580
2727
1614
4330
4441
3938
636
887
4574
2122
2923
1762
200
4068
2902
4234
3875
2077
1817
1874
2731
70
4964
4592
2660
3912
599
9
4648
3392
4819
3186
563
4230
1679
2047
934
4625
3501
876
4697
4244
1388
1378
241
1973
1111
3532
4279
4327
3702
4313
3531
2571
2683
447
273
284
1906
1048
983
3828
1316
1736
2412
2799
3562
2084
3481
1262
3645
994
2922
4490
1651
3243
4530
1653
2724
1697
4975
4075
2863
1570
3248
4407
547
2308
383
3076
3549
4333
1074
3458
1666
4442
2508
2537
46
53
3119
2288
4793
1410
4801
824
4767
519
496
4604
374
701
923
3746
1572
2705
3088
4249
3823
2006
1897
3211
2243
2172
2391
482
1250
2569
2149
576
1604
322
3625
3022
2418
3455
3582
3859
1292
4840
3548
497
4409
1826
3830
4869
4484
4448
359
3322
3628
1574
1637
3837
1867
1347
3540
4346
800
3969
384
3428
2381
3190
427
2457
3366
958
1184
2051
2007
3267
4499
2715
2263
4211
419
160
1287
1760
1662
3263
656
170
4462
4033
3427
3627
1462
688
848
505
1484
2484
3041
811
3759
3535
491
2507
1684
2385
4426
808
3253
1451
2975
1295
1483
342
692
659
2661
2239
986
2039
795
3491
1099
4618
829
4114
2599
816
2658
553
3058
4236
2235
3265
4683
875
3221
3204
683
1732
2093
877
2071
2755
155
706
541
3453
149
4642
1255
729
1665
3319
1739
2567
1422
612
4203
2148
3588
3045
839
59
704
3860
385
4778
2050
620
3556
960
3102
2962
769
2857
911
1509
224
2026
4919
1363
1140
4745
3816
916
2782
3343
1122
1978
2698
298
1047
2919
4623
3537
3543
3020
325
2758
3259
3944
4253
3495
1238
1685
3594
3965
2870
254
1477
1842
582
4233
4630
1189
1271
1144
4747
2270
4986
1779
2629
4054
3798
4342
2189
389
3510
2452
2562
3541
3345
4753
45
3184
1240
4456
922
297
1822
2820
2730
4023
1723
4195
4439
1895
4583
506
3551
2644
939
431
2234
103
2280
441
3958
171
3393
902
529
4880
3456
728
2153
4982
667
1385
2765
1704
152
1555
943
615
3207
1313
2480
3306
1129
4473
2155
3031
0
11
2951
3399
751
4016
4406
4670
4714
3224
3780
1814
1848
4374
4888
3326
3744
1995
1423
4909
2383
1022
4777
3325
1866
2031
3315
2024
2287
3039
2450
4457
2676
195
3494
4300
2409
565
1854
215
2468
3360
3983
1706
3404
1181
371
3618
2193
2196
4094
838
1869
2704
4892
1578
2040
4127
3560
1267
2890
4443
1008
2851
3802
4978
879
3870
3143
3889
3672
1098
4216
4914
554
3044
3216
2877
4391
3352
4512
4672
4482
3663
1118
3973
2631
738
976
13
1713
4387
167
3872
1510
1003
3771
3376
450
2860
2238
3611
890
2215
3357
603
1780
1742
391
1075
1602
3403
16
2066
3420
1487
1121
2141
1315
2774
3010
4034
4031
3887
1384
698
3777
752
3768
4223
4668
4947
718
1634
3401
2063
78
4811
2291
1011
1962
1290
2814
1581
1857
3473
664
2397
4292
3655
1769
3254
3586
1929
503
3998
2811
2192
1066
3656
3159
4954
801
4100
4718
4196
1197
2491
1168
3487
2094
3710
4579
4594
3687
1596
1958
962
1552
3704
3762
981
2518
4445
2856
1282
1719
3917
4398
855
3524
1093
138
2867
804
2708
2348
1957
2729
3096
2126
2879
1568
1414
531
965
4715
469
3751
2023
2426
416
65
4334
3118
1921
530
1221
1362
4881
2841
4204
2416
4151
4643
4377
4950
1825
4408
3737
4770
1455
2971
2261
2448
2970
2848
4577
3877
4121
373
4340
1953
3071
3197
2741
4358
4133
1806
3530
2199
3732
910
3413
3486
4636
225
3194
246
1227
2292
4567
3409
1644
1948
1605
2374
478
4366
1080
1061
1482
3682
4103
61
4772
1612
2338
717
4271
2641
2363
2405
4506
483
3350
260
4239
4597
686
3668
797
4259
2008
3219
35
2885
1345
22
3630
1329
984
2826
2440
2462
2133
2360
2859
3324
1535
3653
4651
3819
393
1815
3643
4347
51
1193
176
4690
34
4981
2961
4828
4645
3960
161
1443
1993
111
3156
2482
4454
1083
1990
434
1513
1881
617
4979
2015
3726
350
1737
2402
4368
2368
2188
4501
1258
3695
888
3377
1911
4635
436
2739
4702
4096
2720
3717
4237
355
266
3469
3043
872
2639
1827
2905
4341
3602
4372
3734
183
1040
2597
116
204
2284
4466
3073
4097
1960
2110
2033
3810
4360
796
644
3650
895
2210
1620
126
205
1300
539
4548
3344
4141
725
1858
7
4705
4349
4029
3032
4113
4601
3547
1331
773
687
1550
4072
2725
4082
4942
1810
4277
181
2337
3181
4860
2684
753
3308
2550
1311
158
2218
4282
3722
1498
2794
498
2390
2852
1932
1434
1089
99
3426
10
2717
2831
3047
3103
386
2362
4345
4416
2417
4218
2314
885
4420
1127
3614
2667
1859
2626
4303
4918
4763
3703
625
1170
4362
4092
3374
1627
3884
4906
2068
4378
4272
3605
217
2519
828
2028
3921
523
2948
1566
1831
3572
4656
1534
925
1130
3716
1147
387
736
3619
3298
433
3792
4741
4887
671
442
1619
891
3111
2822
4877
2346
2447
1160
3303
3648
844
2638
278
941
4397
4450
2064
2924
1979
175
830
1840
1775
2430
675
1196
2479
3947
3735
4822
102
3279
799
3968
2442
4091
3192
4254
184
694
3987
3338
3583
504
228
652
3293
1339
3218
2041
3004
77
1344
4830
4810
4788
2105
470
4359
909
610
3557
546
901
4067
231
4070
428
2769
513
1078
707
2645
3697
1749
2559
4288
3934
3327
929
4158
4933
2983
456
367
4962
3570
845
3378
50
209
2577
1239
4752
353
4050
163
897
2203
3
896
861
4743
1285
2004
2441
4261
3005
3573
2014
995
510
3502
4306
3191
1678
2289
2209
100
239
3725
1670
139
4902
4348
1947
324
142
3997
4771
3720
2972
1139
952
2513
3937
156
2310
4928
452
1667
4939
1270
4974
674
4800
997
1209
1579
1680
3304
92
1220
761
3051
4531
400
2596
4437
2194
3527
4983
2253
1745
3498
4045
4994
4827
4709
3205
2842
2967
2746
351
868
1896
198
4951
2494
2178
2211
122
1716
2137
3291
602
2892
1230
1165
3081
3929
2706
4599
1312
2226
27
4036
2542
4989
268
3240
3954
3509
2681
1860
1235
2610
1479
2401
3926
3615
2492
737
3999
3296
3331
1519
4479
3862
4105
3796
37
1090
786
586
1942
1297
2
679
259
4425
2244
4240
4537
3225
2446
789
3839
3084
2517
2076
2161
4046
3132
2619
3680
4712
3694
440
1598
309
402
1563
1164
2595
4410
2329
2469
4731
4551
1489
2501
3754
3659
4803
3290
2876
4853
4209
4299
1308
4066
1151
2522
2332
4438
3069
1882
561
6
1521
429
1109
4944
242
4164
4864
1782
1035
2745
4436
4128
3853
3953
2642
2003
2123
1607
1355
1819
904
2503
2132
2541
1705
4163
3604
727
3849
3027
2075
3800
3635
1366
2181
1805
229
3307
3587
3805
489
4529
2809
968
4167
4144
2364
4018
4290
1898
3289
3447
3834
4522
1036
1955
1690
3312
663
2838
3902
3970
4940
2477
3328
3099
323
2520
101
3574
637
1212
1502
248
708
1143
4686
2821
4588
2096
4000
4044
4122
218
80
1465
2669
4130
1049
2449
3301
2576
2222
1744
2170
3382
1839
4647
2098
249
4073
74
1237
514
4311
4047
1382
3784
3638
1618
1938
3671
2130
3559
1494
2038
1565
4186
2709
1053
3608
4162
905
642
2445
4514
1526
1020
630
4578
4517
3340
1864
784
3457
3488
1514
3698
4650
2453
1275
4431
4298
2978
1108
996
2675
1163
4281
3814
2323
1547
3763
1149
2315
2101
356
443
3847
3235
4184
3749
831
2640
128
4557
587
854
843
4102
2313
2016
2146
4938
2380
2545
3285
4175
3386
3390
4732
36
115
1991
4584
112
2140
219
1771
1045
1346
1876
3173
3070
75
852
4764
3747
3295
1166
2214
4895
2963
4483
3138
2464
732
1949
1060
2294
4943
1571
3065
4338
2986
3913
2262
321
1448
1467
2229
2333
4871
2792
2953
3074
1376
4796
2342
944
4190
4321
3252
395
2912
2690
4394
1113
1368
1289
4419
4221
174
3795
3496
1718
2431
1016
957
3333
1425
4465
1799
1548
4423
2318
1533
3309
2969
2251
512
3056
2553
4775
1794
24
1499
2175
3398
307
2759
4700
2941
864
136
4620
2427
1829
1952
1738
545
2834
4912
4779
2052
2388
2570
1471
4287
3836
633
3429
2532
979
236
2889
1185
3373
4154
4899
2703
2716
4169
3160
2086
1367
3711
2282
1753
4297
3803
2783
243
4868
569
680
2009
551
3882
466
1017
3440
697
1027
764
1508
2934
1207
1917
966
1914
3128
2474
106
4002
326
4675
4774
2190
1014
1918
3380
1889
255
1986
4080
369
2633
4627
173
2979
955
1727
3316
699
3758
4930
1073
2582
494
2499
212
1056
2884
1731
2025
1961
2939
66
2424
4883
151
2648
150
3674
2269
3863
4315
4710
4812
3125
3444
4976
4920
3669
1179
1440
3310
114
4051
3693
3820
2183
2204
1507
4917
1447
3942
2930
4101
3009
2807
94
4629
953
4552
275
2909
4632
2259
2157
2371
4309
1717
3867
1946
765
4842
2888
3137
973
3438
314
2500
2817
1232
4611
458
2166
2121
4399
1307
1879
4381
1687
2331
21
4179
4968
471
57
1310
4210
1768
186
1446
2985
3952
3895
1658
1280
1609
3523
4224
3927
2749
3155
4838
2864
1034
2914
605
90
3247
3507
3966
651
3025
1994
3661
4520
4748
2394
2895
4681
1032
4226
4737
2399
933
4692
825
281
1725
2428
4711
1218
1630
987
538
4586
2958
3115
760
899
3470
2010
3596
191
235
2918
1071
280
1751
3062
3623
1851
2168
4502
661
3515
95
1442
473
2871
4040
4955
121
4474
2248
4884
4417
2472
3054
1784
2672
2566
2356
197
898
392
2340
2896
2267
474
3202
39
304
588
1813
3015
946
4471
3982
3323
372
3033
4815
2568
352
1569
1333
3018
4038
1758
634
557
1663
2151
1591
593
345
3766
4929
292
1838
2124
1161
665
4048
310
2927
2551
3892
3505
380
2732
4052
4613
4518
4526
954
4995
4587
4160
3940
4146
4791
210
1785
3883
3888
3691
3911
2875
1625
4662
4019
3804
357
3807
3945
4390
3060
2489
25
3896
2246
4157
2740
1689
4959
1105
2272
2037
123
596
4427
4256
1124
4142
731
4371
1158
3057
3675
2839
3683
4757
1878
4266
1676
2220
144
2628
1600
2504
1407
2798
3930
29
2230
2373
4606
1178
2976
2335
4787
4817
959
1123
247
597
2107
3112
464
223
2636
4262
522
1999
1029
1987
2069
4532
672
1096
4232
1120
2465
291
2275
840
1536
1005
860
1461
4641
3411
1492
1633
920
366
2994
1506
4403
4079
3706
3922
598
1668
1708
527
3593
870
3597
2112
4357
1544
802
1135
4538
4570
1901
2673
1776
1523
26
1972
3104
4837
3482
4927
2563
1748
401
2590
653
4494
1081
501
3148
715
1251
1028
2901
177
370
3029
4781
4331
4664
1031
2960
1092
1501
2700
1847
4861
1360
4325
1920
1431
2547
4143
2059
1002
2957
1516
1400
3317
2737
972
12
1648
4999
754
4165
1128
3935
2306
194
4533
2370
4447
1395
536
2079
1900
234
4159
1200
2565
2495
2903
567
1522
709
2906
4998
3200
3281
403
3024
719
947
3339
3811
3313
3673
435
377
1114
4498
558
2810
381
1496
2601
1524
331
3598
4977
880
4053
4320
3435
1963
269
1910
1660
2882
4886
1340
849
2353
1403
2844
1777
4112
3678
4136
2952
4946
2367
1746
4738
4575
1557
1696
3359
2845
1302
2616
2925
1152
1899
4924
4850
272
4564
2330
1752
518
4971
2117
4189
1628
524
3901
1576
1226
3752
3006
1236
4678
4609
1245
1935
4758
2560
1830
3610
2920
3196
4373
4653
2594
3242
2802
19
1453
2722
3566
3342
893
1373
678
4516
3474
3640
2797
3925
4323
798
1079
4547
1720
3113
3844
2216
2115
3626
2775
98
4181
3692
676
4736
1811
3956
1505
1617
4707
263
4247
3124
1553
1892
743
3617
4084
4831
245
749
3677
3649
3832
2651
1436
4733
1183
3701
3245
4192
1504
1233
2135
1841
3449
363
2072
2012
1659
2056
908
118
841
358
1314
915
140
3229
4833
4973
4326
810
894
3579
1984
4722
4329
2160
4603
1298
734
408
82
1980
1263
182
2048
2605
2467
619
759
2767
3664
635
1095
3607
2617
3017
1435
2832
3761
3121
782
592
4821
1281
1885
3117
1674
1937
4228
1228
4790
1661
4065
1377
1558
3985
3183
3177
220
3871
3364
608
3521
3831
4695
484
2790
4064
3971
3261
2256
3361
4751
956
3063
1539
2237
3868
335
595
56
4470
2803
1202
509
3410
1850
3416
2173
827
4806
3827
4414
3425
3477
500
1664
2606
3472
4990
4802
2301
1640
2225
3230
4440
1180
3797
1726
3061
991
3346
1711
4813
3906
1564
472
4849
1894
2375
967
1296
1286
4120
3826
2846
2780
4481
4961
2693
3781
44
4493
3688
3506
4212
4086
3463
3907
4459
4219
319
4703
4798
1349
465
3641
3600
1243
2345
4727
459
4385
4582
1353
2082
415
4952
3962
823
1928
4720
2538
4972
3430
3686
2386
1059
3419
4993
1981
1253
2627
847
1429
1192
1338
2533
2163
4524
3555
4639
1142
4155
1159
2421
3514
71
2929
3772
581
2836
165
47
3946
4206
2085
1358
3014
4024
4344
4452
1936
4172
1305
1545
1420
1103
4098
3000
2865
2622
3873
127
1076
3733
1616
2057
2685
320
253
4267
2689
4922
4126
3943
555
4654
2420
1964
1100
3414
279
4649
3035
528
2855
169
3613
4214
438
3899
628
390
982
1970
1370
4504
2872
1063
2326
4276
3809
989
3992
613
3629
4996
398
4071
3347
2692
3136
4055
3072
702
4318
449
1654
4596
2351
1701
4704
1195
4263
2089
1055
2509
451
4904
446
3996
779
3223
1585
2947
4173
2987
629
4823
1018
3542
2027
580
1342
2182
2273
1137
3120
262
3142
4546
817
1126
4856
1721
4553
3133
4269
949
2454
1652
1870
4118
3007
1445
1599
2711
4755
2439
4015
921
4669
1334
1740
1134
206
1084
1348
1050
906
3918
4785
4171
822
2523
1698
2742
3241
1125
1804
3227
2283
3179
1683
2054
2818
2609
33
3271
1793
1950
2995
4768
3314
2021
2490
4750
4735
4095
1647
4242
1026
4677
2455
2481
1610
2999
3152
3272
2650
1332
4304
2276
3273
1809
4676
1559
1531
137
928
3553
3885
4116
4083
1765
992
3534
3375
4176
3134
1224
1369
1588
4460
622
4680
4213
3512
2928
3405
1009
2540
1293
216
2980
2461
3239
4455
421
250
3612
2250
166
412
3646
120
4006
2581
2361
2554
129
4078
119
2328
2788
3858
4958
836
3776
2393
2091
867
2664
4820
4188
3757
4289
4026
3297
4243
4535
1528
748
1417
1424
609
657
4464
990
4568
3275
2095
607
2686
835
2760
4308
1110
646
4941
3367
308
3568
4140
1006
1186
3166
1974
2285
1905
1852
3815
2221
3769
2671
2322
3719
1177
3764
4264
2268
4468
2915
4848
2824
290
3001
2833
14
4631
2898
4503
1291
4701
2849
1832
4693
4022
1323
4660
302
2829
4556
693
1969
2011
912
2521
3048
1989
2197
3599
1688
2911
2159
520
2659
2359
4250
3967
4111
1088
3165
4275
1391
146
4605
4766
1902
1626
781
2646
4795
271
4626
4836
237
4507
1439
3561
3131
2241
306
1537
590
1673
4901
3037
1041
780
4644
3349
3466
2770
1924
2904
2309
4274
2389
4119
3575
399
3631
457
1520
2305
790
396
3049
4418
2139
3949
3712
4698
3874
4665
930
4108
1532
3908
3052
1133
3905
571
81
1013
3571
521
936
4449
3750
2756
3647
164
2653
1438
3939
1724
4049
2013
2823
2591
2598
1476
3250
2264
2502
574
2020
2938
2526
2556
2762
4270
2718
3053
28
1301
3980
2062
4730
4855
3916
1586
3526
696
3932
1893
3371
2862
4911
2850
526
705
1622
2438
3383
5
4037
147
4134
3421
4422
1234
487
1324
2945
1682
4865
2510
4991
3257
2678
809
328
722
3095
4826
4663
437
2065
3736
2887
4332
3778
454
1432
23
1757
4388
3478
1091
4740
3779
2043
700
3994
1500
2336
409
2144
648
1325
3709
4093
3217
4469
340
1204
1396
4915
900
3756
97
3321
837
1686
4566
4628
3175
2583
4835
1624
2680
1816
294
2955
2179
2240
650
4316
803
4104
3080
3490
970
4891
2733
724
4393
1474
3116
2466
4682
3603
690
2754
276
4177
2186
187
2674
534
1786
1639
1481
4859
3356
3957
907
2881
2319
1213
1821
2106
4268
334
4957
315
1907
3995
758
4832
3516
3525
4231
2433
3286
3580
2535
3595
3564
1051
1649
480
723
4616
742
3274
4090
2539
4784
685
4062
2293
3984
859
1939
3972
2311
108
2022
1529
3636
3215
2723
4945
3522
3799
3974
4878
1153
3684
1072
4057
267
869
190
4227
3379
488
776
4595
2257
4569
4696
2049
572
2592
1277
2886
1389
969
2663
3539
914
1335
3199
3493
432
2761
4382
2496
3384
2801
884
317
4525
1171
3417
3149
1457
3284
4156
145
1549
4012
311
130
4180
1512
4541
382
3187
4685
4773
3448
2853
67
1503
873
2600
978
624
4874
4003
4199
4814
1244
4350
1046
1198
507
1584
585
2736
3591
4215
791
3195
792
771
963
1965
3592
3634
233
3363
4124
932
3793
807
2358
2883
2966
3098
3728
2713
1427
4238
1759
1317
1328
3397
3866
783
3503
1015
4762
4193
2825
1470
1681
3554
1371
4792
3492
3320
3188
1862
3258
1004
329
4749
1216
3094
4260
157
490
4020
1174
562
17
1194
1062
4903
274
4559
4560
3964
1834
4687
3748
4873
3387
2981
3699
4129
4198
917
1835
4949
2437
453
3446
1631
2320
3395
1561
4400
4614
2649
2207
4756
4804
3842
794
604
2201
414
3086
52
1459
4011
2750
740
3861
4077
1650
1458
2176
1891
4985
1741
4001
600
1039
4087
1497
72
881
2231
2092
2366
3961
2103
492
2891
3981
3437
3835
2795
1272
735
1646
1259
2083
4194
2830
2854
4317
1511
3302
1404
4004
79
3008
2299
1247
2324
2772
2131
2634
4076
1985
832
3180
2991
670
3931
3941
1148
3468
712
1791
851
141
1398
3714
3130
2835
2843
180
2458
583
2965
2893
4966
68
2643
2100
2295
4925
96
3246
4997
1454
1279
4634
4138
2429
4461
4222
1162
4897
2926
3046
4145
4581
2993
4576
1283
283
4150
1101
1764
2102
1082
1007
4139
3278
3176
461
73
1789
3950
4252
2946
3109
3059
3740
3833
476
4364
1922
2104
1875
3480
222
3270
1359
4926
1242
2561
2753
4229
3042
4545
4085
2156
1554
3544
4284
4115
62
3724
3589
2812
1790
935
2793
3504
134
2974
3978
1919
1406
303
4689
2349
1702
20
3016
3879
2779
1248
3620
1136
4510
511
2376
2369
4655
2113
257
3585
2784
1203
767
4435
4622
3146
842
3616
4489
2777
3914
556
1154
4956
1700
252
2493
2694
1583
3484
196
4780
1278
1967
3786
3135
2647
1444
4367
3228
1672
4717
721
1951
988
411
4776
32
2699
3955
15
179
2964
4059
2618
1260
3085
3852
858
3157
4088
1485
4017
63
1351
1294
3637
4679
886
3161
863
4508
1538
3412
2662
2001
405
4898
4894
627
1252
4353
1694
1337
1515
4319
1925
4369
3127
1219
1560
348
124
1691
1023
256
300
2771
711
892
1693
240
1916
3097
2114
2977
1021
1210
83
1106
3959
1261
4497
1330
422
133
2252
4992
3260
756
3770
2303
4042
3002
3418
1211
2350
3150
4061
413
3028
2942
2652
4544
632
4187
2696
270
566
3519
1692
1761
2679
1750
3089
4558
2900
1573
135
4844
874
3731
1318
4610
1405
1671
658
2184
1176
1592
4063
1982
3209
4153
647
1778
3893
3846
2224
3499
1770
616
3213
2470
4380
2512
3023
4428
638
4965
4005
2840
1871
2996
4808
918
3348
1468
2423
2032
2546
4673
4487
2763
2352
2046
579
4110
1712
4480
4248
4294
1430
4386
1472
4691
3578
2808
2813
1787
1589
347
2265
2145
3370
3479
4935
1225
3713
1551
814
4013
1374
3812
2171
3126
3336
188
1797
1320
2456
4301
2488
1992
4339
4970
1954
4953
1380
4446
1191
3639
4934
3038
2274
479
3986
2654
4434
1322
467
4170
3354
1256
2804
631
559
1054
2384
3105
4931
88
1112
2531
4988
2357
4549
2968
2227
4117
2657
1466
2325
1350
2129
4550
4539
3909
3801
1772
594
2312
4312
4511
1116
4135
1266
4789
4671
213
2791
2603
4734
517
1783
710
1352
3251
3391
2108
475
2382
2776
2624
4363
4585
3609
2677
327
3660
1621
3765
3936
3900
2233
2150
3079
3151
3508
368
4725
40
3773
3822
2378
1187
2109
54
552
1156
4495
394
159
2515
2548
4283
3445
2090
3806
1774
1241
866
614
3665
230
3222
720
3388
2411
4765
420
42
2949
1996
3264
3034
1304
4857
3794
1190
3624
1463
2735
64
4825
961
3100
3467
3406
388
3268
3651
3843
4285
444
3475
4617
998
591
4486
3654
3212
221
3415
695
1933
3170
601
4174
1635
3825
1150
4060
3590
3886
2435
2973
1490
4424
41
4879
3036
343
3904
1383
4600
2164
4280
788
2407
2544
1530
3989
4337
3787
2894
2304
766
584
1104
666
1613
4872
1801
1019
826
4352
820
3400
131
3657
4168
4667
1926
3864
199
258
568
542
3829
4744
4467
3760
3642
4402
3696
1394
3232
1802
3144
211
2152
726
1169
87
1657
1452
2744
3782
1288
882
3454
1728
3821
3337
4882
4602
2400
621
295
4241
2147
537
2728
3122
1145
3824
76
148
2408
2998
2695
1886
1024
4889
3919
2187
2602
1037
3394
2247
4534
1428
3064
1734
1085
287
3633
1043
2635
1475
2572
104
4847
4106
1763
549
346
2954
4708
4612
878
1931
3172
153
1306
2897
1393
2067
426
1590
1044
1722
3876
3287
3464
4661
3003
2302
4384
1033
1913
1856
611
4147
463
172
927
423
2019
1846
1983
1808
1493
1767
2414
4936
655
2002
4492
4354
2341
2180
3294
575
4916
2099
673
2555
1908
4278
1798
3658
3332
3234
2205
2487
2058
3558
1199
2208
3055
3311
806
2778
4875
3158
3011
4429
2805
2514
834
4351
91
4478
2296
2497
516
375
244
2321
1877
1890
1988
3381
1433
2202
3231
4166
3569
4908
344
425
1173
1246
1597
1849
4148
2471
3485
3679
3790
3269
4028
2290
2127
4365
1418
739
2587
4852
2459
2463
2118
2847
48
117
3147
1843
3145
455
1608
2615
3976
4607
2165
2387
178
2143
3353
1469
316
985
4963
1795
2219
4818
49
1788
1141
3850
3280
945
2982
1603
2828
360
4137
560
1971
3520
4035
3256
3236
1623
4615
3368
1001
3067
971
2943
2279
3851
3107
4984
3198
950
1012
2785
4132
192
846
1460
1357
2908
4640
2796
4761
107
493
821
4726
4913
3518
2959
2880
1488
1638
1412
1000
2714
3402
1426
3341
4255
4900
3476
785
903
226
1381
2866
1201
1546
4716
1844
1408
942
1182
3167
4572
3538
1276
3783
2005
4543
1421
3193
1923
4477
4839
2950
2878
2419
1254
812
2549
626
548
4658
762
3068
3154
938
4562
4598
2177
1703
4893
3838
787
833
238
1593
3584
1273
4463
3106
261
330
341
3329
2443
2766
4657
2574
4021
2074
2773
4444
2666
3305
977
3318
2097
3201
277
4960
4967
4069
3162
4
1038
4197
4383
2586
4430
2992
3459
2396
207
2078
677
336
109
1632
2372
2697
2738
338
1904
4039
202
2436
2277
3700
1820
4295
4149
1863
1855
125
3567
4590
2236
3452
774
4723
2088
2473
2721
3431
1402
3407
2874
4829
1747
3471
4969
1730
3334
2266
4797
2816
3948
4652
3915
4694
4845
3090
2552
1336
2632
3563
3123
3189
3869
793
4273
3898
606
4862
2988
3244
3923
1645
2327
2281
2944
1077
533
4846
668
