432
335
451
466
11
338
320
314
52
458
114
204
303
1
362
421
60
209
499
388
72
391
83
279
413
154
164
250
302
104
402
129
178
7
103
396
328
30
68
159
109
122
420
224
437
50
270
467
87
426
147
25
284
183
115
94
199
234
41
236
130
340
265
373
308
390
35
478
487
352
495
98
398
173
434
410
304
252
295
315
259
76
462
430
23
18
476
469
383
447
377
13
480
442
266
17
403
484
311
475
299
247
364
419
333
54
78
229
120
168
163
74
423
393
202
291
149
493
227
374
404
160
288
16
89
290
126
336
238
47
58
185
474
244
27
158
368
88
416
34
289
49
360
51
479
33
286
176
282
365
184
452
376
42
492
242
212
182
26
207
357
210
191
276
363
287
148
477
39
323
341
248
464
444
280
201
489
399
271
485
347
316
70
429
175
45
113
189
318
275
53
348
4
278
465
133
196
401
472
488
153
230
405
66
240
167
187
246
394
239
397
379
145
438
277
264
188
190
216
91
366
3
21
141
92
293
313
195
100
350
414
29
43
205
223
446
214
20
151
55
102
128
332
171
108
218
459
319
372
24
342
5
339
461
85
179
177
272
181
330
384
486
77
425
135
400
471
165
64
206
117
10
121
337
131
351
418
65
386
192
473
125
324
136
343
263
382
208
36
156
310
317
491
329
443
498
326
358
211
217
375
169
395
79
433
46
381
260
140
62
417
455
146
97
292
370
294
172
431
235
456
243
408
220
453
123
269
448
249
285
273
161
213
138
406
312
222
427
300
170
349
157
356
274
258
468
298
371
411
174
44
71
84
385
180
228
345
59
346
296
166
48
80
106
245
353
387
86
369
231
32
422
490
435
496
8
439
12
497
96
111
119
361
255
454
14
359
0
67
127
463
380
378
331
69
412
226
22
440
40
63
262
256
424
101
139
110
31
309
325
321
436
194
57
105
441
389
73
112
483
392
90
116
470
15
305
75
37
241
93
237
61
268
118
428
81
9
457
143
82
297
144
221
254
460
19
334
449
132
307
142
95
445
124
261
232
225
38
494
233
28
281
253
450
203
251
198
409
327
407
162
322
155
481
415
367
355
197
56
267
215
257
6
2
219
99
344
200
482
137
186
306
150
107
354
134
193
152
283
301
