1673
1355
23
178
1962
503
145
1052
1373
377
1098
1490
1555
294
75
1065
1874
204
1929
1278
480
1795
1819
201
1529
1427
714
1444
1177
1788
559
985
286
375
442
1237
1946
1408
1234
952
17
1323
1367
720
617
1892
549
1275
773
1691
1863
1746
370
1179
346
703
323
41
1990
664
281
1646
198
491
1479
1866
371
1067
316
511
1236
1197
310
138
1305
255
347
505
1964
120
1273
1852
1930
908
1597
623
1648
1037
315
1075
326
1952
1904
938
541
19
622
1873
744
1021
650
209
879
730
907
369
494
189
1897
1103
229
1188
1144
1905
1854
1963
957
1928
526
170
262
356
1802
663
245
1703
1902
863
1258
230
1851
853
1714
1169
1559
340
1465
71
227
36
1022
1088
1771
1063
1375
1755
98
1718
1213
1149
2
1850
988
616
38
410
1833
679
1939
1671
79
12
1497
590
1728
1269
8
605
857
872
986
146
653
1226
1166
416
1741
947
159
661
1868
686
976
1774
566
1087
421
1155
1344
422
1391
1121
910
894
954
1587
46
1843
378
53
1995
67
1778
575
719
49
770
1027
1453
1786
913
125
885
1546
1242
757
109
816
108
1502
1167
641
6
430
1256
16
562
1340
1451
57
1520
1493
903
1973
1787
1489
339
400
91
1480
335
666
1705
790
609
502
759
588
1855
1716
420
1248
734
740
1770
1214
877
1421
398
119
1639
1632
292
272
1426
659
649
239
1975
307
1620
219
1753
1507
1643
7
387
869
1595
402
1580
1082
102
978
786
66
626
126
343
994
762
1556
380
789
1294
55
1697
234
1349
1485
792
1484
344
688
302
1089
926
1656
1566
1871
1959
386
1430
1807
354
1008
944
1757
1672
705
727
852
1977
753
1173
1704
1282
429
1638
1101
1245
395
1735
13
1235
1080
1509
1218
795
1050
1668
1978
1754
692
1154
62
1649
1025
176
58
251
687
1845
141
1945
777
1814
1574
105
1116
736
561
1974
1567
388
843
1614
1918
481
1000
1212
311
1135
417
435
1053
439
163
368
1026
1360
1385
135
465
1419
183
1558
900
1004
1838
1488
1066
431
871
702
1602
1561
1578
1891
874
1513
466
1069
92
1989
1542
1785
1085
1743
1056
1849
389
799
59
604
1593
479
1883
535
47
1769
80
971
1277
1
148
1960
1797
1926
1001
1625
1766
1665
1140
602
418
984
1747
489
1932
635
1582
943
1225
1091
1464
330
931
1113
682
625
349
1240
1389
190
1358
1376
1615
808
597
924
279
547
748
1329
942
1679
1805
862
1893
1681
990
50
1733
1683
1324
1047
1339
1724
1636
1557
695
101
1410
1171
570
444
11
235
1306
646
1550
1764
1844
1953
236
1330
1675
1494
130
295
660
1371
127
576
1435
273
1133
1246
1715
568
100
459
674
796
763
1097
712
1475
1723
847
147
989
1689
149
21
1961
1947
414
1604
1261
1429
892
477
1250
534
1254
1933
1228
260
1508
1274
1209
241
1422
64
501
1120
1129
1729
956
1285
1763
248
1526
842
1139
509
231
112
1658
1136
1074
1124
820
199
776
1916
1709
328
1951
861
1828
1196
1560
673
1611
1252
906
1938
1414
1971
1839
1901
1107
1498
1118
1100
1434
840
1992
81
1478
403
1876
539
1780
1208
953
1304
1187
345
642
48
1111
1830
1195
77
632
226
385
982
1758
303
1466
1998
1012
1486
1384
1527
327
1390
208
722
406
1522
161
912
424
670
211
937
1789
142
1257
1941
1366
1870
1642
624
726
583
964
1040
288
841
1812
1524
0
554
1317
896
1423
1696
1736
1267
747
523
1264
1734
1666
411
1043
1815
1295
87
586
821
1739
1217
683
357
1678
1517
1781
1138
1663
1064
1193
1796
945
270
1227
1818
39
154
1203
676
880
249
797
1062
1581
914
1988
1878
1462
164
443
648
1652
1007
1316
793
750
1801
940
1141
1079
337
1221
1319
300
1506
405
1626
1525
25
1847
591
1393
1045
462
193
1923
220
1676
754
1841
1798
728
1886
1162
1259
1831
882
608
427
1350
157
1251
1128
1093
832
153
948
980
374
1158
1303
1742
1706
693
390
1447
1471
1720
817
1163
1392
1740
1174
1024
180
1688
1309
1383
97
263
1701
654
522
266
707
415
1151
1333
851
780
1152
1307
833
950
82
317
1702
1820
1909
1576
1241
1834
473
669
710
992
657
1920
611
830
850
543
1009
276
518
968
810
708
901
774
1848
69
1455
500
925
1661
756
1483
1680
457
448
1271
1983
1996
1405
1695
1289
1142
1495
305
739
1035
1051
737
160
1288
946
1645
1105
1750
76
949
497
1300
791
1220
1827
1910
285
1911
1403
1586
828
1664
304
803
524
223
1569
1634
618
1399
1779
1700
246
1394
93
185
1310
621
61
1463
1200
772
1238
731
1311
1510
909
1677
1684
1776
996
1342
1003
865
1194
1531
537
40
362
365
513
592
868
110
836
668
837
1955
1388
758
486
267
1418
1829
277
1446
884
1442
934
587
338
1006
308
143
1572
1046
1583
452
1976
831
1032
1935
4
1570
1822
1322
542
1482
1112
932
129
1204
572
530
1900
551
733
1030
1772
274
499
1336
1931
1579
14
1540
1354
351
1635
1609
407
1044
893
1041
634
1077
195
256
536
1543
428
383
667
217
436
175
1744
558
1470
1768
818
846
1357
103
1751
1908
150
1327
1564
1840
95
1621
264
1380
1922
680
1231
936
1731
1356
1441
802
1809
461
393
600
519
210
425
320
1514
696
589
1603
1438
1170
895
724
1810
1590
1263
1468
151
1395
214
1359
27
42
348
1505
171
1448
751
1884
1146
629
269
1669
1759
1999
628
1981
1073
1117
280
1767
1563
196
620
766
1343
194
1864
10
283
1412
250
1460
835
1605
1314
1940
15
1297
172
997
1685
596
1055
987
1431
1568
1253
745
1192
1713
550
1721
1624
548
1207
698
54
1230
1800
1406
528
746
200
1084
1872
74
637
472
1826
84
552
1924
360
709
1984
582
1547
221
975
977
1122
158
520
1291
1898
1368
192
1108
1575
1308
961
563
1337
1015
1095
1134
1381
881
1189
636
1247
1954
1036
476
1260
1042
258
1596
1387
889
1469
136
721
743
1745
1967
113
1712
1474
1148
334
1667
1402
891
614
732
560
1752
800
875
1216
644
1377
409
580
1153
358
1925
704
1182
205
639
1127
1010
1374
366
1879
965
619
1653
1268
265
603
1515
1811
134
1965
45
1860
463
1552
1038
1541
1424
838
546
1790
677
1150
521
1312
455
1548
1396
1092
301
237
391
496
432
1738
1348
1650
1500
1161
1332
1637
111
1853
845
1601
1184
1126
28
492
1806
441
1836
768
1215
361
1865
51
1293
372
927
482
1335
638
1119
1600
299
437
1934
182
1867
33
1895
897
1630
1002
401
114
373
1083
1233
224
216
1966
749
805
525
1726
447
1059
1737
752
1968
652
1808
697
1211
1825
115
1503
1276
1137
177
761
290
951
1109
1243
1717
595
1068
296
876
1761
1397
1270
152
1049
958
1443
564
384
78
1725
341
655
1528
94
1882
1265
213
20
1894
1244
920
306
1927
769
162
904
873
807
1481
1017
104
529
9
798
767
155
468
24
404
504
960
86
222
1917
647
1957
1420
106
1943
412
998
268
173
1070
1110
1180
1861
1382
1622
824
959
1799
1346
26
613
801
784
1131
1005
1029
1534
1106
184
121
475
203
218
1123
44
1290
1370
243
829
1782
915
979
1219
755
1223
1094
440
1224
1633
1914
22
181
278
252
1584
1284
144
569
1862
140
359
995
1504
531
1445
99
1302
935
864
225
1432
878
973
1058
1039
367
168
1773
1687
981
318
941
132
826
228
1450
1125
717
1334
939
1210
633
809
778
1545
123
498
729
1280
1206
571
540
1651
1115
905
52
1859
467
342
510
453
678
557
1338
1607
1341
34
681
460
1172
1816
495
30
1842
1325
598
73
1692
1102
527
1835
700
1415
533
1476
1239
1606
1804
336
314
1266
1623
1657
1903
718
470
883
43
1086
88
1521
1477
983
1409
423
1888
972
1156
1400
1499
1616
585
782
1523
577
1732
1178
483
612
1538
929
1698
823
1915
324
1880
812
399
1321
188
488
1937
1627
1028
1885
1907
779
764
811
1919
1298
834
1674
1301
1655
1487
456
1011
1249
991
1019
858
1519
1544
1518
1846
1599
376
1536
999
35
1449
814
333
567
37
1362
1641
902
18
1014
517
918
325
555
1398
1708
137
133
1351
1164
538
573
867
3
993
645
165
640
785
508
1693
1591
116
1950
1869
1467
556
849
1198
690
1565
1199
1147
606
322
1644
1598
394
1794
1229
458
574
819
630
1654
848
1018
408
1437
1320
56
291
643
1722
107
656
1411
1942
1588
783
1054
1817
60
584
1331
293
1318
271
701
381
1379
691
888
1877
967
922
1958
1315
464
484
1416
1281
1554
506
1710
1982
68
233
70
855
601
166
966
1985
85
1031
1222
933
1619
930
1255
232
1783
83
131
297
313
607
735
363
1099
31
1473
1292
615
212
1401
514
919
1533
1299
1913
1549
1748
139
1857
1364
1991
331
298
309
1682
1856
658
1428
716
1792
485
859
487
32
90
287
1132
1821
207
899
1629
1279
1313
1662
1168
490
1906
1585
1287
1659
1072
1993
1749
1997
1553
507
856
396
825
1457
96
1793
364
1948
1837
1353
928
760
1413
1516
1562
1660
451
1159
1078
1369
1296
969
515
5
1191
379
738
259
1690
1365
1760
1791
247
419
1686
174
1896
352
1023
923
1472
1832
1610
699
1889
1969
974
1803
118
962
711
433
715
917
206
781
392
1707
1034
970
1608
446
1986
921
186
474
1727
1183
1881
413
1647
1016
675
1452
215
1699
284
1160
1511
706
156
860
532
610
1440
1439
1875
794
478
167
319
1711
397
1631
890
89
516
1551
1719
870
63
1980
244
775
1496
1535
565
544
578
1071
1190
350
1491
1921
426
665
672
261
1912
1185
1775
1361
1013
1454
1417
1890
1175
240
594
1352
1201
187
599
312
1979
282
898
355
1512
382
1694
1858
1176
65
469
449
1060
1613
1020
1181
1372
804
1492
827
1628
725
839
1756
72
1956
1096
1378
191
742
694
911
1363
1202
179
1617
1618
1640
1114
1456
1813
321
1076
723
765
332
1186
1283
1777
289
955
1205
1730
445
197
1537
1458
1272
1970
1887
741
1571
671
1104
450
169
1262
275
1823
1143
593
1404
1347
202
1824
815
1594
1459
329
1165
124
1057
579
581
1530
662
1944
1972
787
1501
844
117
684
627
471
1286
1345
1081
454
254
854
887
771
553
242
1936
122
1762
713
886
29
1033
1899
1461
1765
1407
822
512
1433
685
689
1784
916
1328
1048
238
1577
353
1326
1436
806
1232
1612
1425
1573
253
866
128
1386
1145
651
257
1592
1532
1670
545
1090
1589
1061
1157
1987
963
1539
493
813
1130
434
631
1949
438
1994
788
