611
8995
65
7022
9900
1274
8274
8265
5065
8255
5954
3450
4703
1465
7916
8200
9740
2802
4913
8129
6791
525
831
3788
5878
600
5885
4615
1058
9882
7939
5367
9487
3189
6106
2852
8966
6373
6327
282
938
5546
5898
2354
1071
1075
4764
2303
6529
3944
6289
4
1925
3626
4747
6321
2112
5283
9854
8654
5083
7162
8876
8038
6760
4066
4402
898
3790
4053
2351
9360
3295
8029
1352
5841
7318
5450
3415
2088
7384
2096
1535
723
6933
9562
9291
1991
9961
7308
1731
7283
4034
9737
6945
9727
2250
3128
2353
2952
4315
3159
2470
3574
9925
8979
8685
6400
9369
6983
7754
7885
3031
5757
7524
3394
7979
3370
4528
8746
7267
5115
5840
4815
9497
3234
7319
7040
8325
400
3912
2697
2824
666
2800
3687
8339
8530
1749
7764
9481
1541
6563
4140
1592
3104
1608
7209
1360
1040
6724
9673
2878
2281
6085
9895
7605
8817
7381
8991
1908
8141
8004
6215
437
9208
2035
7940
585
2337
4079
4364
7664
8311
1504
6392
6584
8361
546
217
4524
8715
9133
37
3491
3661
8941
6781
8260
2129
1672
286
1018
5611
2177
8809
9744
7359
292
4891
3533
6151
369
2169
411
7611
189
2009
8591
563
9283
3173
4866
6051
9731
8413
5740
9183
9109
5434
3155
5104
6207
6772
4772
354
2094
1053
4439
5485
3974
3363
9943
7482
4199
3883
6318
3100
2662
238
2525
1725
7512
4455
1674
9426
1415
4231
2120
2083
9014
1443
402
2965
1283
1797
3069
2272
6199
3842
3092
5086
1269
1423
4267
6320
2463
1370
2192
4635
1462
6857
4372
9515
2832
8864
1948
9492
5087
4893
5933
8051
7395
1276
9416
6690
4992
9111
3752
6849
2857
7398
8285
979
2868
655
4531
4226
5180
5517
4499
1039
9697
1473
8025
4491
7692
82
1920
7501
9212
9154
2318
5477
6562
2569
3089
7429
2153
3659
8782
3650
3012
3914
4824
8454
8107
9496
8598
1354
2143
1012
7650
7507
6632
3586
8121
3656
6412
9089
9311
2001
5731
7592
8524
6244
4070
383
1799
9356
8231
2050
2368
1235
8632
4937
4653
119
8118
6994
4858
6482
7782
9125
878
2015
7619
1839
1184
6787
9353
1163
549
6949
1940
7970
7312
8185
8464
1823
455
1460
6803
2289
9693
9140
9358
7449
1212
3306
7722
5389
9430
4723
8148
4317
4125
6154
9081
3759
7827
5339
1944
3014
5936
5724
2561
2251
8752
8462
2716
4779
520
55
6813
4119
3330
6449
201
757
3663
2998
1754
6829
4414
9982
5190
7680
1947
7452
6929
1593
961
5384
2280
338
6782
6539
1147
2934
451
9971
8245
5889
2495
2871
4167
3787
240
812
5697
6013
8514
8085
2742
7377
3572
59
121
3868
9068
7296
6984
4286
8475
1572
6655
159
9957
8900
2460
834
165
5253
7697
3458
8608
6771
1280
8184
173
6705
4714
638
9399
7865
5127
7307
7516
8852
997
9015
8214
4758
4541
6863
8408
7352
7726
1816
3827
8145
2108
6823
5005
4623
3437
6468
7748
1891
24
4008
7705
4450
2733
5458
5526
9915
256
1885
5569
1092
8376
8331
3243
7568
9428
6875
3015
4320
2707
5753
6601
9421
6077
9453
8735
2745
791
3174
4429
3748
8347
6178
1658
3885
7636
6435
2190
2030
4936
2032
7143
5478
1004
3917
4686
690
4863
5918
8812
3678
596
1517
2069
4444
8919
4041
5983
1047
6763
4381
8364
5170
3818
7282
9448
3636
3196
1265
1358
5029
3802
2538
3831
1035
2914
3612
3236
4278
3397
4801
3420
3400
1002
6685
4873
5633
7763
2448
5944
1391
260
1245
9891
6590
2114
2981
1863
2400
9116
4083
949
4329
1256
9122
7379
5175
5582
6181
4270
9660
9585
8803
4115
7364
5092
280
4407
2636
472
6338
4427
936
4846
8050
689
5802
7414
8616
5748
6104
6911
7500
787
9584
5314
1372
6773
989
9880
2058
3795
6988
5677
5722
601
3657
1385
8643
4388
2939
9402
1902
8526
5338
6522
7522
1336
6822
500
3158
248
7649
6026
259
1472
4426
8861
3513
6889
2222
6709
5508
6432
982
2306
3433
262
6818
1609
6626
9926
7496
8505
3326
5897
155
8714
636
2734
81
1078
7079
4203
9362
9211
6060
1883
6890
697
8707
3218
7309
5304
8633
151
8548
1590
8533
9763
1198
9447
4767
6440
7556
1992
1667
6790
6390
885
410
8518
5118
9871
1279
3105
5988
1168
1554
8458
9928
2589
1481
9806
1642
1087
8165
5090
7287
7222
6997
8818
5528
4275
5004
1186
4788
6483
2329
880
1580
4521
6561
7586
6067
654
8792
2763
5912
6835
1767
4752
6648
890
7105
5181
986
6458
8191
9956
4316
7889
1337
5591
1249
7416
7990
7347
312
9215
1201
6726
804
5246
7701
486
9040
483
476
92
6009
2601
2436
9338
8225
2265
6971
5972
4732
4022
1129
5199
3527
366
3194
4373
4273
115
2045
6679
2379
5811
4826
6280
2786
8001
1836
234
7965
3836
5967
3807
7335
3021
2296
1575
332
3958
6185
5222
9963
7463
6
1172
9733
9576
4727
4749
8837
9863
3774
6403
879
9984
9314
4828
970
6948
1026
3916
1374
7728
4369
6628
4085
4155
3893
7914
7983
4671
3755
9449
3708
4039
7273
3095
2161
3479
2509
1120
1292
1838
8368
9478
8216
5619
4843
2414
3024
487
7486
3763
78
9367
9793
2372
6975
6899
3929
8934
2113
3581
2809
5917
3462
8609
7688
5723
7597
9879
5300
2255
6111
6758
7257
637
5392
710
2163
9317
5342
937
1272
8513
6277
4400
8069
8223
4082
2528
6362
7732
5018
7336
7969
4298
2549
7909
6281
7538
4130
433
8961
3856
110
6639
4527
7579
4178
426
8306
8694
27
3560
1407
7405
5081
1166
8580
9202
5360
7828
2902
6978
8747
8576
9013
7941
8875
5571
5160
8520
1293
8932
4166
6701
8090
4917
1801
7066
1818
3259
7183
4147
4152
6691
3672
1409
6534
3747
2417
1247
7153
7118
9807
843
6429
4640
3456
9878
5401
1403
8574
1399
509
299
1246
4206
9079
8567
1921
1179
4101
6048
7871
4598
1390
9349
1873
3062
5644
3563
1136
1736
3742
33
857
7681
3709
3195
6728
6921
508
2599
572
6527
69
7912
6206
5311
7749
9986
5408
9600
8769
8291
8201
8970
6209
9953
2903
3810
5770
5498
2445
943
4545
2011
6751
3203
6738
6089
3683
6266
1757
7927
905
4795
1477
4392
6811
8420
6742
6480
5098
9983
5806
7999
2566
6377
9417
8666
7239
3550
2913
9236
5627
7238
8976
8557
4809
2930
8945
6303
1158
713
4778
1145
4348
9801
2661
4220
2685
7960
3310
5788
9153
3791
409
8728
4845
1706
7982
1657
2490
2730
2667
375
9513
5559
3059
7718
5355
8588
1545
1916
1260
5830
1287
7358
6475
2759
2087
5540
377
1528
8221
8892
482
8032
9493
5442
7259
9674
7797
2746
1715
3524
5499
5317
7870
7493
5945
772
6116
819
9507
3418
5662
6699
5412
6308
7401
7867
7112
9046
8723
7297
9344
6795
4578
7315
9890
884
4110
1190
9858
6935
8106
2044
8041
4602
8748
9335
4419
85
4370
2559
401
1048
8267
4577
5520
8273
7212
8444
7853
4325
2765
2115
9141
5553
1782
6649
2751
7972
969
6794
9877
4175
9633
6681
5589
9415
7734
4367
4097
2334
1195
5519
4748
3534
9636
4107
7625
4296
3145
8295
1680
8596
9073
6351
8473
7757
5030
4622
330
7354
7813
7988
9980
5797
7457
2853
413
9171
9662
5251
2160
6407
6714
3366
6088
3150
7407
2657
6862
7399
7365
3408
3834
8161
8140
5690
5443
5652
4095
4650
435
2131
9359
7526
5857
9216
7404
3427
1055
5323
4898
828
2940
9070
4036
7910
5687
9545
2010
9135
6425
7058
2389
1500
499
6820
73
5536
6916
5646
9553
6309
4474
6643
7033
6616
9888
7150
2316
1317
9348
1555
8593
640
9540
739
6216
8
9689
8426
8993
9127
5653
1164
7019
4482
1322
153
3019
6814
1783
4755
8879
1637
4044
5505
2111
8021
9836
9640
8229
5097
7138
3959
767
7012
5289
5182
3794
5114
7784
3501
6477
3832
9764
5958
8043
3040
1143
8947
1128
1669
9403
6054
2006
6096
8206
9489
7596
9769
5842
2778
2700
4876
9967
1582
1171
9329
2381
9786
9561
4195
3726
2585
4232
3333
9429
7559
6087
9822
3851
809
6091
9725
1759
2373
560
4628
8335
8807
9939
2181
7372
4073
5523
3123
8502
592
6044
5062
7802
7708
1192
9098
6860
4641
9738
5491
1596
6507
3160
6485
8293
5101
215
1102
5186
5268
1644
5201
1258
1775
1162
8994
7721
7829
2829
9868
6034
8599
2275
5899
9444
3967
7396
1815
3949
489
981
6030
9635
2063
7478
6876
7837
406
4592
5102
1848
3459
3469
192
255
5515
3535
2882
9812
8754
7587
94
1176
5990
7877
4343
3547
3872
6328
8509
785
2074
2957
4688
7290
2312
8188
8909
456
4074
4384
3500
2107
1708
3645
8236
4814
6336
8379
8139
5554
4042
5439
9923
1054
5137
5479
6434
2145
1864
8562
2023
8049
4032
5927
8434
6428
2523
9061
990
1203
5565
5027
3544
1079
8796
7833
2960
6969
8297
8923
5567
8155
8380
5466
2242
2473
8146
1605
9199
7570
1085
5250
7578
9968
7911
3871
6939
6809
6852
3616
2521
7203
9579
6886
4035
8271
9488
6661
7104
1097
6257
6976
6157
4988
1289
9323
8126
7883
3443
1366
896
1197
4633
9721
8449
5467
3960
3785
1282
5109
3124
2531
3597
1068
1386
9547
7111
8544
7655
9188
4738
4810
2441
5103
7834
8899
258
8880
2840
9577
5156
565
2260
214
5867
4185
1808
9486
3284
3165
7991
3010
9568
4265
7264
6533
5353
821
6778
9850
6585
4186
7340
2726
8081
8268
46
1769
8177
8510
3307
1225
6744
7461
975
3508
2345
8202
8887
1412
4959
1700
2788
1675
3238
9420
5734
2224
5598
3270
3237
4162
3412
253
9726
5705
9248
5847
9604
3142
5270
3512
8931
7001
6770
3962
7825
5418
3279
4530
1530
973
7206
9962
6806
219
5294
9383
2014
9901
8163
257
1384
336
8052
8102
2925
2254
4459
5845
4002
2652
5823
3720
2688
9018
9285
663
9808
1149
8290
4397
6610
8156
8940
7466
3925
7974
9717
8445
1165
5900
2134
9189
4818
1777
7100
529
1613
7980
9597
9218
7243
4136
4131
856
376
4759
9411
1562
6707
5153
4717
1974
1635
3934
2922
4969
6286
4948
7583
4341
3496
4380
5718
846
448
2025
3398
9641
8915
4741
8233
2699
5893
2675
6602
9870
1305
9902
7840
7378
1167
8009
5926
1833
3779
5031
8491
237
4378
5014
7286
5960
729
6853
4656
4707
9059
424
6304
3122
5356
1532
7189
7715
6595
1770
3707
2969
5924
5422
4259
5661
6683
8982
9559
3717
9418
719
1095
3909
9045
9136
309
484
1861
5378
3146
8918
5689
1564
5117
7258
4468
544
7884
1903
3613
9300
1475
8330
2008
7520
4792
9993
5580
8059
9518
533
7668
2550
3022
232
5274
7177
8605
7609
6306
5674
9000
7808
5396
6716
2949
9197
4358
4007
3096
8070
9101
1183
3840
9756
2133
3839
8623
5476
1762
8878
714
3988
8396
8377
5106
4570
8207
6265
9299
9158
2519
9303
5631
5942
25
4246
8387
8013
8988
1463
558
7088
3808
1717
4412
3610
2264
2469
9230
1622
6012
2512
7553
7762
7860
1881
4161
3083
4222
5800
5981
9797
8614
8356
5971
5568
774
5099
4428
5881
940
2419
3248
7279
3592
955
7060
3216
747
5516
694
9163
1170
8757
3313
8695
3193
3767
8708
7951
5210
9898
3950
4142
7317
893
5095
9392
3348
3389
1144
9054
5976
6541
5370
7903
4174
3470
4768
1911
4804
4461
9905
3136
9343
3570
7224
5688
6804
2258
5164
3706
966
3392
4597
732
8496
273
1984
1266
9242
9544
4651
3809
5555
2363
2849
6365
4746
2590
9246
2068
2097
2482
6049
8663
7137
1867
9476
4583
805
608
1175
9765
7322
266
9458
6339
1083
2935
2370
7219
734
4031
951
933
3442
5386
5423
4138
7402
589
1906
9656
2510
3482
2821
8476
5738
6891
6063
2670
6405
8429
319
2836
3554
1814
1185
8741
5837
1587
5469
9269
9305
1364
4555
6642
5701
9818
4744
8355
4595
7129
6144
4458
7838
6334
3503
1239
8603
9144
7065
8417
1805
9441
8338
52
9583
3386
3751
8128
1670
2362
8687
3981
7667
6267
7624
794
542
339
9155
6235
5789
5432
5752
5711
8460
941
2384
8054
6887
7926
9533
9912
5875
4769
6846
3601
7044
4253
8975
3718
2029
6621
4793
7923
2
8716
4629
1025
4968
5333
2789
7752
3654
325
6461
2504
5135
8742
4061
4336
6424
963
7362
6384
1574
2176
3874
5672
8537
1932
5482
1519
7392
5352
626
2839
6560
1821
7630
3920
1418
9342
7673
4310
171
8084
8369
5363
3730
5773
224
2725
5262
3049
7368
1298
7072
8981
7448
236
1791
865
7233
2612
7612
4634
3924
4353
514
235
5810
5107
3374
9437
2753
1188
6371
74
8646
3152
5310
5296
7704
3061
8625
7373
5441
3038
7388
2178
3711
4016
1579
2031
915
1470
8564
7652
968
6667
7422
8815
9006
8816
577
7736
2898
2431
2002
2567
1726
9567
7576
6868
1678
4544
7513
3385
463
4842
2929
8240
5759
1501
8162
3847
2187
8447
1139
2291
9364
2004
6666
7646
9233
4454
6170
8786
6221
593
3521
8977
8795
5796
924
8693
2130
4905
3725
9752
9484
3047
8044
1033
5654
2701
6466
6295
7021
8856
2874
703
390
9168
5592
1946
7844
1913
367
1533
9262
3286
8098
5154
9374
8210
691
9254
5011
8620
7928
2919
8914
4850
7881
7316
2501
906
7569
4782
28
2104
3304
4135
7629
3999
5261
9918
4112
783
8213
2003
3260
946
1209
2620
6223
2546
4614
5736
1524
3943
9435
4951
6750
1154
3452
4435
7517
3414
7148
8437
7055
2426
30
5271
7357
7409
1252
550
3750
2885
5575
5771
5703
1479
323
5742
1052
4126
3979
9603
5656
7474
8630
6268
2079
5549
347
4279
8819
1006
5853
6203
3567
3696
1591
233
6605
2462
6285
9626
7989
1024
4383
5074
4113
8529
7958
8770
2822
6986
7440
649
1469
3448
2769
598
2732
2819
9156
3373
8152
7213
3337
7973
1343
4292
4043
179
3822
2772
8340
4150
3648
442
3409
3502
7525
9610
6606
7509
2905
8849
4775
7174
830
7832
9930
9708
8104
1522
1191
2643
6970
743
7320
465
4924
2649
2606
2138
7051
8359
4514
8083
4525
3317
4500
6143
847
3387
7216
3071
7880
8427
8619
4405
4736
104
1086
8761
7978
452
4045
6928
3480
7102
1689
8764
1285
6908
8362
3829
6427
223
6173
8257
3757
6110
5980
7957
7892
7696
9814
2990
8455
6258
9682
3927
8250
3041
2527
8826
6774
2321
7548
3453
2466
9009
1398
2355
8119
7142
5854
7441
8655
3296
1231
3113
4632
6693
7492
1267
6856
869
7918
9643
680
6444
9845
497
1410
5895
4227
7391
2714
3341
6166
4925
4473
7943
187
8478
3102
3017
7078
8627
1989
9694
7382
5084
9147
3804
2807
7367
7241
120
3103
5710
1900
1307
1914
8822
6229
6550
4663
647
9312
5622
7937
4028
2047
5604
6198
9067
6700
379
4479
7986
7161
441
3316
6033
837
134
7119
5122
6382
5473
6090
6718
672
683
9841
3305
324
4980
5309
8076
3651
5865
3622
8718
1958
9714
1661
9647
133
7152
9297
3219
1238
6233
1242
6589
960
5663
1263
4884
2246
7862
3322
4719
9571
6463
8127
16
3098
3283
8613
245
1862
1474
6834
6874
4972
4669
8673
2774
644
3329
9835
2970
8211
763
6644
4887
5871
4215
8405
8696
4280
7008
4056
6675
4141
2338
2089
3372
7077
3815
9792
6288
8205
4100
8008
2886
736
2086
6951
34
2770
7788
9178
779
8600
6756
6682
8575
4304
8617
6618
7803
9855
2828
6161
3134
9366
9134
3624
2211
8733
7393
4189
1638
5751
3274
5883
790
4976
1558
7454
1534
6943
934
9250
9172
3184
386
9948
3866
8859
5817
6904
1016
7637
1453
2982
7096
6022
2978
1904
1227
3591
6703
7003
7906
2046
7255
9226
2692
1964
7781
3202
9175
6224
749
5891
3556
1009
7400
8226
6329
528
22
1812
8660
1436
3602
3948
5165
698
3931
398
3499
4928
1687
4274
5379
4831
7215
9664
2974
113
2810
51
4761
2799
7186
7479
7424
9582
510
5667
9525
5185
7691
8253
7709
4160
2920
2059
9105
1987
4797
3558
2330
4657
2827
2424
1393
4617
1858
2573
2478
1718
4411
3156
977
9033
7779
1345
5242
9295
7856
3357
3838
3467
3879
9257
5121
9083
5297
5712
3627
1785
9203
6349
6555
3483
521
3464
5749
3278
2858
6498
4359
7229
8662
9184
9602
9328
9058
5907
1724
2090
7791
2226
5470
503
2862
6656
6299
1750
2863
3170
7519
8833
4513
3016
2165
4694
4600
9005
5128
359
6183
8554
1329
3621
1486
914
8176
554
8703
8569
5579
1824
6907
7523
2349
545
5303
2647
2429
5628
5739
3485
91
2507
6645
9347
5989
5188
9932
7250
3057
9341
9749
8874
8517
2488
9997
1228
3157
629
7107
7713
9977
797
1082
2252
2915
8428
3640
8568
9833
7686
12
9459
8783
6210
6897
1598
3311
9886
2955
7690
3884
2893
1710
3411
5053
4050
5487
6201
7217
8479
5574
8590
2635
6346
8037
1552
6325
5140
317
9465
5626
1732
504
9624
9187
6315
7249
945
9578
3472
5913
744
2744
5707
1892
7915
8283
6494
7140
9004
6227
3037
6378
673
5647
2249
5941
5
4239
8227
3225
930
4806
2522
2054
1697
4927
7814
2666
2502
3198
4885
7419
5887
8160
41
822
3133
9007
8249
2237
2162
5495
3599
2771
5287
6172
2980
6668
2536
7293
4149
6422
9612
6497
8197
5335
3323
7330
459
5267
9293
3922
2516
3252
1835
7543
6291
8016
9495
6045
4177
327
6420
1330
3956
907
6910
6752
8138
4877
745
60
2125
4706
4092
5714
3070
1074
4612
4433
4453
7710
4094
7560
9985
4465
9176
8394
7603
9581
6167
2921
2496
8820
8495
2070
428
8046
3346
735
1868
4391
4114
5204
4930
3569
6260
2360
3542
2218
7485
849
1831
6195
3710
7627
8056
8186
756
6967
980
2399
9472
9483
2790
1169
3641
1273
5320
5193
6622
9241
1937
8894
5072
7635
5088
9701
5075
5992
5080
2366
1879
1690
1404
8813
5594
2266
7437
8579
2310
3127
5324
3058
6255
1939
4102
5876
7013
138
9023
1969
6264
3758
4984
5556
4573
5864
9301
8927
5767
4172
9911
5024
3977
6633
6998
7675
7606
5232
5807
1677
3052
2402
4939
3990
5362
8432
8101
422
4299
1094
6977
6340
6409
7386
6793
4827
4560
9020
5783
8002
551
1208
7614
5399
1935
8528
7314
7645
5846
3761
2225
1971
6568
3993
3121
9667
806
15
6577
568
1581
3256
5921
4566
7712
3691
6430
5371
9352
5778
903
9457
820
9637
3876
4896
9414
9728
7348
8456
9949
4995
7774
9205
2486
4548
5383
5327
5168
4624
4300
8020
699
9998
340
8022
4319
4062
3090
6262
9179
6727
1125
3805
7842
6076
8175
7731
1284
4668
4781
2524
2033
3362
7341
1442
8679
8607
513
9088
616
2911
1103
3566
5790
3201
3821
3169
8650
2890
7674
1571
3063
9107
7819
991
5882
9735
5877
9921
7913
8114
1789
9126
6317
1761
5043
594
623
1910
7167
1758
131
2494
8788
7921
7160
8710
5302
4658
9989
4451
296
4970
2485
399
9527
5410
6153
7628
6698
3797
7872
5829
8183
4726
9225
4476
9546
6566
8989
7265
9627
6905
5196
279
6455
8144
1529
3381
2394
5405
1361
9560
9350
3901
2605
8215
5292
2191
9302
7159
2665
932
2973
8159
6511
6007
2583
8628
3620
2076
3764
66
1452
3875
3813
5372
8096
1610
7698
9964
1396
4368
5614
6024
1100
5227
2166
3642
3877
2540
8771
8774
6246
9704
8490
7905
1335
4171
4899
432
2271
5179
6014
902
4763
389
6036
2034
3048
3008
1096
3615
9548
758
7771
3892
5819
5500
3416
1832
5965
8996
6802
9775
5319
9947
5906
7616
3846
9716
246
707
1041
6597
6821
9816
7349
4643
9011
7073
7841
4340
357
3308
8985
1408
6041
8431
4327
4654
8005
5183
6989
1543
1719
3182
8984
2156
8736
4710
796
6298
3268
9831
87
1803
6745
7809
8130
1114
8467
6176
9875
2415
1764
6538
106
2293
9490
8586
4807
3486
4994
7281
227
4713
4997
5023
3800
5702
8678
8278
4716
7175
4734
1375
4729
9198
7266
6274
8750
5642
276
3172
808
9790
4025
8866
9917
5693
5167
664
9959
9106
7303
651
4395
7503
4251
2279
7023
6156
188
6103
9395
8584
2909
8916
4777
1998
9776
6934
297
9741
4901
4569
3149
5427
8571
8891
1856
557
1905
5994
9055
7149
7064
2715
1320
7164
4289
4998
7816
2018
900
9596
1218
112
9802
5760
440
7331
6759
3825
333
3043
291
1884
3434
7371
8047
6196
5570
524
4890
5529
4934
5861
4796
1859
2164
4783
6192
6937
1441
8497
321
202
4086
6165
8125
6058
5504
2489
3168
3753
4456
2438
4886
2954
2201
1953
7823
4017
8647
8410
8117
1497
4037
8018
5254
3474
9206
5561
3580
9365
4910
8550
583
3151
2994
2056
140
7490
9796
9830
203
5364
6115
2200
6248
7115
7618
8957
9298
1348
1691
4339
5315
4011
8289
6658
515
1017
2564
7010
7467
6489
1576
9029
7376
8545
5544
3862
353
4897
3765
8972
3375
7271
2967
1327
9550
762
8686
9401
210
7092
4864
7172
2551
6212
3053
6779
1963
3324
2278
3026
8669
8857
927
1707
6213
8407
8068
1518
6638
8075
4486
7861
1629
9027
4225
2614
6833
1466
9346
4029
8180
9592
1607
4261
1487
3737
7950
7218
6662
3477
6817
1730
7623
6359
6591
9044
7729
9595
3331
3118
5741
2189
6906
3154
1268
9520
1855
3277
6180
8732
9573
3694
2844
1371
3289
6488
566
9675
7594
1455
6847
8170
9828
1627
770
786
1217
3417
9284
4523
9255
1349
4132
792
2689
2437
3410
2651
4090
5880
3568
8097
5207
3207
6695
3653
1378
6544
4636
7433
1806
5576
4961
5537
8978
6023
4233
9381
1499
5985
2892
6375
9920
5919
3863
9252
488
1713
6230
9556
4262
9169
919
1383
818
7268
6447
7199
8512
4693
6559
3673
8936
5034
2931
8463
1131
7305
4023
3584
8064
8959
7095
1049
4248
7651
7777
4018
9432
9658
8035
7806
7894
5966
6996
1027
2624
3115
9887
7907
9096
1056
1586
6443
8998
5129
2750
392
4743
8851
5737
5834
1506
4487
3422
3208
2783
9464
6850
4661
2932
7671
6586
5894
5120
2641
8073
9117
1603
2642
4780
1312
8279
2557
1915
9191
4285
2668
2294
7875
6202
8133
1612
9657
4883
4281
5937
63
7836
4691
8349
562
7360
315
8234
2440
1117
5417
9685
8014
2359
1982
6062
6947
8422
5433
6634
6720
4914
3085
832
4841
8942
4588
5997
8383
5454
417
4774
7034
5195
9782
1967
3164
1703
1956
2760
8844
9767
3945
5038
5192
6272
9021
6399
9339
7508
9777
123
6411
1107
602
1694
3634
1878
107
5341
2558
293
9848
2305
3436
8681
4520
2989
2401
8003
976
2132
1476
3772
5761
8637
216
4024
7869
3033
5795
4991
4751
5730
2095
8494
4750
471
748
3013
695
2513
4269
9306
7898
9910
971
8594
2451
7418
141
4460
8902
4666
3865
1650
1997
4318
842
9563
3352
2428
8390
1778
6120
1394
8839
8775
1918
4853
7420
8953
619
6571
2548
1137
3378
6567
2587
6959
8039
5506
9008
6865
6523
8677
3444
7198
2639
9152
1515
8896
6138
4314
2159
1648
2253
931
6385
6708
4106
7891
5787
1632
6944
5368
3756
9128
9463
2263
1980
8827
7014
5284
3339
2369
4698
3199
2202
1688
6514
9031
493
9064
8242
8854
9979
5947
337
5391
8053
4701
419
3573
6394
7086
7533
6631
956
2481
1353
9265
1174
6439
6734
9995
2785
3227
5721
7089
7917
817
4183
4146
1417
157
527
2696
9743
2996
9180
2007
5713
4422
473
7032
8036
8572
6873
634
8610
4137
1427
3297
5612
1981
2966
9874
2427
4501
8601
1377
220
5206
3028
3293
1780
9893
361
9605
536
9330
4536
3110
8080
7760
5686
6735
913
9505
7276
6766
6579
3204
436
3044
4415
4089
3440
1007
1656
4983
9593
9090
4601
4134
8737
7900
4637
813
9798
5413
7027
1433
2188
7338
8751
2591
2702
4967
2456
5032
3347
8659
9219
3782
8956
6855
6570
1597
5956
7796
5566
4096
9267
904
8450
4481
5763
7070
2721
310
9224
7004
3898
9532
9706
802
1138
9609
4516
8440
4190
23
776
8672
5076
860
4882
6069
1112
1851
2723
1614
4217
6282
4990
5042
7456
2140
3406
942
8333
1617
4493
738
1043
1895
5269
9541
4330
2060
3915
5786
3998
1271
7608
1426
5635
1206
3067
6323
4821
2307
3276
7245
2141
8282
1471
850
3548
8483
9229
9753
844
3494
1211
5623
1022
8766
2235
2233
3488
7202
9936
2860
6953
8074
3446
2150
1333
4619
2782
3327
6630
4059
481
3465
5430
7994
7123
2757
4604
2687
7067
582
9053
1
1119
3796
9773
3665
2556
5067
9057
1221
3181
4371
6191
8228
7902
2331
2881
8926
6119
3598
5211
438
8192
8664
2705
7068
6893
8409
1985
3923
5395
7450
5884
8261
7660
4557
795
1118
3106
5365
7992
8907
4754
6072
7607
7156
1045
3367
2547
1296
7263
2497
9370
5279
2364
8651
2894
2798
4144
7656
4862
8269
681
7484
2118
7128
6139
6764
6646
7275
6783
9771
3975
7589
1419
8974
72
4219
3660
5605
5110
4679
2216
4581
6838
5755
5050
3335
5914
1628
4712
1332
7274
6305
5873
2061
1978
9103
6467
4986
8415
6922
3020
7246
8721
6117
5998
6593
3086
7495
468
3783
3303
2214
9196
2872
2204
4923
7706
8930
2447
2234
4871
5438
9639
8740
4760
2953
8027
430
2043
5299
4849
1882
5852
2613
8749
6369
2243
5293
371
8402
6234
5720
9760
7975
8149
9586
8277
6311
6894
2866
3799
9124
5866
3358
3004
1321
9535
3811
875
6250
3900
3200
1379
4000
3140
2196
1299
5868
3714
6347
8739
7735
8378
597
2393
1264
2654
3942
8321
7302
874
1560
6002
5411
7005
1896
5681
5581
6226
1584
9253
8924
4946
3668
7046
6064
5306
2740
5798
8468
8759
5835
4993
4731
5573
4856
547
2116
2276
6882
408
5946
5706
8629
9012
7998
6396
2904
36
2443
4659
1768
4519
3435
5792
5171
4234
126
1721
9412
2500
7677
2703
2425
4385
6647
7846
7444
3471
3466
7483
4720
8973
523
6805
7843
9452
2292
8174
1711
9024
8108
8910
4765
3721
9543
4211
1949
477
7876
3353
2100
3798
9966
6445
1444
9307
674
2554
7091
303
9333
4087
2151
2301
944
4268
2679
7634
7173
2615
5409
9389
8254
9698
3380
9555
3266
7151
3460
7389
9896
373
7262
7822
7977
8045
9475
396
2644
2167
9019
6912
8611
6985
6114
346
7683
8543
6982
1159
4145
198
8898
9315
26
7959
3675
911
633
9456
4235
7144
8895
3148
9696
6960
7644
1634
7200
3682
9762
1811
1796
2172
3299
295
4363
86
5016
9214
1996
1251
6557
7679
9892
9182
9839
2423
90
9142
6109
576
7494
7473
1003
660
3073
6348
3745
9734
7546
5305
3461
3543
5218
3537
9702
190
9102
2358
8802
4919
5856
7324
7659
6767
1314
4198
8453
6694
7887
7406
4762
3982
2302
2515
7488
5419
9378
1623
9526
5130
9853
2575
9192
61
5779
5243
4907
8310
3176
811
4409
4117
1244
3578
8649
6866
6459
3000
4630
7195
7908
4497
8701
5015
4181
5670
2530
4512
7551
688
2408
4552
2017
3964
1359
2444
4975
4981
3107
4350
7602
1369
9970
8136
7580
5316
6688
3828
6469
4374
348
4517
9580
2071
5064
9978
4182
4440
5694
1548
1943
5388
9034
6769
5692
854
8089
8372
5993
5205
2378
2508
3784
7057
195
8773
3702
6576
4838
460
6519
7769
6918
6731
4105
9082
5682
5538
1618
102
7684
1540
5890
9973
696
7269
1250
6573
80
3667
9287
498
3005
7573
2498
9151
318
9351
1494
8418
1952
3895
1563
364
4974
7187
5818
947
8065
1498
7510
800
5415
5348
3011
8830
5599
3987
1216
1130
1069
9477
6719
5245
9924
6177
5228
2625
2604
7
6102
6892
8806
1975
6990
8441
6830
8345
571
4596
5248
7641
9049
5456
4052
3685
2526
591
2099
193
920
2630
9162
5133
1957
8142
4242
5530
2454
1113
6652
6367
3445
8542
7326
111
3265
3273
9194
496
4205
2479
4249
388
1392
1281
9512
8414
1523
1695
4582
807
506
1313
9680
9491
6004
2376
1794
7759
6913
1901
6130
4958
6613
7689
6565
5351
5511
6101
1746
9759
5001
864
889
2409
6942
3093
3423
7425
8729
4452
4526
561
712
753
2259
926
6040
2887
9787
8539
555
1091
9534
5437
7321
3351
641
1951
7205
163
4844
4103
1019
984
5534
4139
4996
7716
8199
6150
8690
3555
9803
4718
1261
8618
1031
6689
2826
727
8558
3991
1257
5650
4665
921
5230
3994
9564
1254
9774
6503
9396
3565
355
4257
1502
7097
8365
4735
3175
4047
5157
8057
9410
4445
705
9670
7253
5460
277
2645
5387
136
1323
8498
2766
1253
425
4204
7502
1015
3806
7436
5784
8399
4979
7896
9001
677
8832
6316
6168
7049
4448
1062
447
466
6079
3120
7751
3112
8604
1810
610
617
9751
9030
6145
4236
1446
3744
2203
7351
2219
3428
1508
2110
3130
4349
8652
4258
5695
1926
6923
704
953
3984
1153
3701
9623
635
9644
7074
128
5607
1311
5394
9931
9834
1860
8622
3359
8516
5910
6746
5632
9387
4854
4511
5295
9516
2891
6292
7930
9684
7237
3197
5446
1976
7380
1652
9944
2136
7765
3754
5337
7445
7342
5560
6797
9
5665
569
845
1602
658
7505
5490
1104
1968
9913
4740
5525
752
7727
5280
5070
1420
1589
6678
3084
9277
8266
4982
8158
8466
351
9239
3536
9397
4695
9170
4785
5729
2671
360
3360
6313
6974
3646
7848
8785
8756
590
469
8745
3135
2992
2168
5273
6828
1936
5848
5551
2207
9290
6725
5514
7130
5212
1248
7427
2779
3430
9780
9866
9480
4040
3792
8944
2581
8621
8682
573
4347
1624
6614
9969
6275
1121
7654
3035
3244
9974
682
9085
7550
7778
6436
9113
6624
3232
6785
1421
4700
117
3596
9385
6710
6776
5719
613
4766
3312
5586
7897
2066
4164
2594
5145
5406
7176
9829
8294
4638
4547
3517
9881
3666
6673
2768
3267
2493
1510
2794
2467
1395
9115
1912
5301
397
8763
5150
1401
624
3272
1295
4228
5008
7489
1134
3514
2119
8883
6671
5510
8222
9431
7562
3899
4529
9409
8218
5215
4973
3628
6827
4725
1505
9859
8326
7080
2879
395
2173
7132
4191
925
6112
4522
2912
9794
5255
2984
4437
5608
11
5930
4771
5716
6981
1080
9616
9386
9259
3153
4786
8585
6053
0
6762
9692
47
9500
8137
5949
3896
2754
3290
8457
784
8948
5249
342
778
5447
5308
8793
2396
9815
2875
3820
4376
3509
7459
4121
4416
2936
2457
7497
668
5176
1458
1234
7632
7948
8615
2888
4770
1262
789
6061
5068
8867
8738
4510
4060
4021
8091
7839
6798
88
2762
8481
1431
3986
823
231
7084
6851
3532
322
7240
4556
1649
4058
3575
8734
4799
3746
5326
8724
178
2283
5349
4379
6915
7725
7935
9509
754
3577
3054
4518
9028
9817
6254
4867
2617
8181
4857
7059
6456
620
6301
6526
6992
8354
7465
1363
2194
6799
158
1729
7617
4302
6864
838
6416
62
7052
9552
3933
8897
9809
6446
1854
1665
6097
5217
9261
8237
3463
6578
6395
3939
835
4003
2471
662
6032
5725
71
3023
3247
2713
54
302
4503
4757
3635
370
1513
7117
8668
3793
5475
3531
4603
2646
2784
4223
8033
7439
2210
9439
9466
3229
326
669
6525
667
5764
2126
6284
9705
6640
9599
5111
3281
1180
2781
5527
8644
622
4067
1030
3250
7247
3918
6808
9755
1659
661
6376
7830
8698
6878
2663
154
7442
5953
5276
7011
9655
2792
6611
8578
518
6636
1316
311
6232
2236
4847
9538
6612
5634
9712
7997
6706
9642
9234
2267
3504
985
372
1196
2464
8232
4417
6615
8023
5935
5618
1745
4442
7795
6556
2297
679
3269
8805
6358
9174
7227
2843
3447
3383
9649
2247
2038
9638
3081
2346
665
8026
2477
8066
3074
2356
5359
9247
1616
2738
7438
8030
9443
3777
9231
334
5322
4509
1400
8794
1516
6164
4401
6027
7374
5272
2773
7289
708
5669
1098
1526
313
5892
4813
3356
8534
1621
5000
5975
2623
1482
3743
3590
4346
9723
8034
8555
595
3349
1945
8884
4212
4567
9883
2051
3332
6071
3970
9462
5252
1059
8482
9440
2629
2535
9645
6084
2274
9025
9872
2185
6080
480
8965
1424
8055
6464
7529
8661
7702
8971
2209
8308
8772
2900
5986
2764
3670
9281
2907
4159
8582
8416
5780
1397
7785
4489
4711
2586
9720
2628
9413
461
7106
6832
9274
9245
4063
730
1189
1146
9251
6493
3858
5136
3407
7873
9161
1478
7924
2825
7792
6003
5208
241
3688
2142
5964
3955
1553
8862
4542
6501
4332
2611
5939
5974
5132
7270
4800
6957
7682
2660
2838
8671
958
6333
4154
4912
1512
4129
109
5089
3032
9676
5047
9405
7355
9678
9201
2106
3723
139
8781
4625
6687
6231
8997
4216
3579
7470
7292
5621
7430
4594
3320
8019
848
2067
5696
8983
7403
2053
6729
6925
4483
4672
1046
6016
5777
6251
5079
2956
3241
9650
1615
7845
3302
5539
5330
5376
2880
7469
6506
35
2241
2412
6961
541
7035
3060
3689
1776
3540
6402
2562
7653
7000
537
6330
439
1340
7753
3220
250
1341
9620
1702
8256
8551
4840
7122
5465
1005
4550
6515
9036
1941
1229
2357
7544
6881
3449
1654
1151
4173
5502
9825
3769
3228
7952
1692
9086
7125
221
6964
9671
6845
5481
3996
5902
8316
1876
2608
1693
7835
9827
6871
6517
6924
2342
3039
5403
3493
2820
3498
5073
501
8841
9994
5676
5606
2602
4323
4331
5260
7333
9095
8375
8790
5938
4739
5093
8760
9071
6663
1507
1898
1631
4589
6269
574
382
1988
1213
9996
5264
8224
6005
9288
604
4425
1490
6737
9319
897
6042
740
3907
9710
6204
8153
3649
1546
8631
6055
1979
8525
8541
8334
6247
2560
3848
5999
9861
1380
2284
2352
3413
2453
5334
3079
6270
8168
1073
7133
5858
7658
8103
540
836
9537
9823
3314
4585
9860
5922
4565
3506
2411
4616
3518
252
6740
9847
2576
7383
5321
3614
4256
8523
3183
1872
9619
2814
239
6547
4579
1934
474
6609
6653
5497
3529
9687
2102
782
9950
773
701
263
2830
2677
4904
6350
3046
3911
2787
3315
1701
8641
6241
7042
2041
6279
2228
6182
3364
4655
3677
7672
2812
7642
4133
8244
2805
7888
5082
3264
6187
8767
5220
1871
4900
9542
8848
815
6950
7288
1013
4950
5673
909
3938
2499
6900
1057
676
8908
5318
3255
559
9474
3163
7185
4921
5421
3249
5872
3854
6017
8535
2598
7421
7588
5354
5471
7039
6848
7766
5285
5142
8317
2268
6386
8890
2693
5513
5911
4621
6020
9119
7226
6732
5468
1334
1636
6397
29
7535
2024
4441
4048
84
9842
2977
7214
4865
9565
8252
609
2831
685
516
9557
827
6190
6946
7397
3129
5896
2377
6099
8500
6520
2640
3749
9715
6496
1751
6278
4006
9108
1416
2676
9377
7339
6374
8954
3343
2756
858
6880
9933
64
7232
8657
2656
8341
99
5377
6966
6592
992
14
8430
1294
7787
6474
721
9278
684
2005
6991
1440
9087
97
3094
6670
48
8358
6322
4075
8477
7936
1668
4702
9266
2148
9433
7197
7487
9400
1893
2449
5874
7220
3507
7038
9783
3541
5425
4903
8801
4271
1899
5328
7294
164
9795
6448
7595
7961
8246
4872
8276
5059
8301
5143
8134
68
8446
3338
6607
8381
8230
6909
9810
567
9043
8675
9193
8955
9159
2314
3441
6531
8831
6259
2404
7108
2571
9320
8667
2487
3254
3027
6620
1449
967
6702
1662
8079
5265
9240
2638
7561
2311
5020
6669
149
2848
678
7901
103
4306
4356
7165
5058
9659
6236
5704
8270
9987
3350
2673
9666
1422
3391
8419
2503
6169
7964
4742
4201
2927
9772
769
7647
530
6122
8112
4902
7280
5484
8060
8302
2282
645
5172
4071
891
1495
9955
7298
4012
5331
855
6665
1413
2137
8823
7231
3138
7366
3369
304
4564
6587
199
9388
4301
5357
766
5970
2568
9652
3419
9785
8196
1178
1647
4163
2091
1753
4396
2698
9707
8808
3618
3147
6431
6310
3288
4293
2418
2326
8406
93
5119
7370
4197
1222
3361
1270
702
4001
8873
1787
3002
5407
5950
8348
1063
7090
7082
6993
6129
7015
2158
4424
2021
8062
8836
8952
7695
6074
6123
8853
5603
301
1438
6777
1748
1645
9069
3080
9406
6188
3695
6920
9654
1894
5923
2690
9821
124
3770
5552
6094
6357
6754
5488
7453
5381
2517
1685
6148
5836
9375
8684
1890
6043
4553
6406
3211
5728
7468
5225
8658
8470
3903
9286
5791
9114
3608
4587
7026
9100
6492
1373
5282
5223
9965
9322
8913
7540
7131
3669
6028
7799
7146
145
1483
7375
150
166
4699
3451
2945
9080
6160
5641
8132
1181
4264
2986
1066
2851
4005
7134
2854
2123
3111
801
6516
5116
2961
9804
5812
3773
6433
8843
3530
7780
1157
79
3050
899
8903
584
2341
5191
859
1671
2410
7334
6297
6999
8712
1698
9195
7242
6175
345
2964
9876
4916
1434
2553
4889
2959
9097
7251
3551
7085
3890
2808
4221
5532
7855
799
2632
9017
3655
5563
3582
9327
7235
8327
403
519
8717
8122
1961
4730
2244
56
5772
8964
3223
9167
7756
9047
4076
8086
470
6594
6256
3887
2943
3300
9321
3119
8967
9634
6704
5774
362
700
9391
1275
4009
9558
9688
9165
4153
8519
8198
9611
1029
152
7031
7750
4507
3873
8706
9354
2926
8784
3735
9608
271
8423
5219
4084
2217
268
814
692
7996
793
6479
6389
6810
4436
6564
3125
6019
4157
2042
6152
8719
156
3861
5758
6345
1549
8459
7744
910
4985
9289
8300
7179
3525
9739
1488
2841
8950
1983
1781
8342
4837
6713
6276
8465
7527
1467
9781
8328
405
40
5369
4386
331
1297
5531
998
7720
5745
2889
9282
8744
8683
284
1919
307
2883
6312
6472
8012
275
2850
2184
7385
7772
249
5057
287
2997
8680
3644
294
6001
3995
358
8169
8243
8850
5747
4449
7310
3309
2582
777
2813
5200
8626
2392
9826
5535
8674
8755
9517
9371
186
135
9407
4255
4861
2648
631
3594
8448
1738
9075
7311
8888
1430
5194
4365
5281
4240
5236
8935
8425
1822
4932
1826
3478
751
7426
1653
1342
1210
4533
6193
4081
6355
2682
8868
7859
491
3468
6008
5266
8570
8164
2837
6651
916
204
2273
7678
1712
3607
788
9849
9032
950
2570
4832
9622
6697
1544
2579
5346
8010
1681
1346
6442
2795
1255
9210
5416
867
630
2720
7531
1160
7413
7532
7369
9718
8928
5039
3690
3629
5863
3674
9646
5831
6300
886
9916
2749
9519
172
5393
1081
7043
564
3510
853
3886
3819
1870
31
8538
2722
6537
8203
7329
6733
6815
8886
3553
7230
5240
1350
2563
6078
603
7810
2413
9779
3143
5036
7558
9613
4605
8095
7621
269
9422
5616
4915
5804
1230
8893
2020
3878
2455
9856
6082
7515
4334
1999
7789
750
5462
170
8937
5860
5979
9819
5286
4434
3538
9137
8968
42
9066
4929
445
4540
4169
3776
4676
2780
5055
2669
5925
2309
4055
3969
2942
8777
4675
7545
5645
6680
1023
6807
1077
9504
2818
5066
5934
3722
8762
7101
6066
9244
485
1435
1869
5952
755
706
4956
8838
8780
4859
2416
4321
5048
3088
829
5431
9390
9173
132
3681
6712
2691
6368
7141
1303
6037
928
4776
8135
8846
1837
2157
5943
9869
2149
935
7158
4508
8635
5959
2127
1800
8589
6000
6465
6095
6414
5600
9632
2683
3224
2016
9310
2664
9528
8397
5144
3588
7949
3712
1772
6237
1917
4812
1842
6914
5862
1640
5291
8768
9631
9022
1993
7648
6205
8676
7739
9906
3475
5451
8722
6826
8401
4252
8540
7295
851
2213
3344
4787
4681
9222
9112
6473
2208
4238
7633
2655
7154
6768
9768
1319
2484
9425
9748
9791
4057
1489
8452
8352
4825
9294
8559
9038
4620
2916
6342
9003
8424
1813
1809
6677
9625
7985
207
5717
148
384
2719
4940
2672
2371
2256
394
2269
6287
8587
9384
5610
2388
2439
3857
7260
2287
3390
3045
1742
2152
3292
5298
453
4495
3605
7016
3114
6460
2147
996
316
10
9157
6217
9076
9438
8109
8190
8204
4494
7571
7020
7480
1798
8547
1093
5312
9470
1620
8393
5231
2947
3559
5859
6056
6249
228
6542
1302
8150
9336
8597
2870
8337
98
2877
4078
4413
3099
8639
9589
1539
5709
7724
4794
7850
50
9788
4276
4156
6294
6723
8485
3117
5909
4128
2012
9846
8960
1874
3700
4881
6189
2295
4237
7025
5138
3161
1028
4803
7600
77
2951
6888
7344
4408
4151
1696
458
6393
8115
1468
9539
3473
5325
8099
2674
8865
127
1565
7248
18
1331
4366
2736
7601
5577
7687
6131
5826
6174
167
1857
3786
1601
5177
1464
5961
2678
7410
7168
3741
6243
6684
3947
4027
7783
7192
5995
7114
6021
1101
6481
4962
4935
5239
6654
7807
1938
1676
5424
1194
8123
5501
4874
8911
5100
1405
9691
4254
8363
4652
5585
6155
2212
1362
4020
7945
6528
7009
3989
5404
3671
6307
5374
2491
6006
8963
200
8280
2574
7746
2717
9661
2727
9139
7030
5108
6741
5968
2618
8811
6341
3424
9304
2545
8825
5870
17
20
9316
8024
1140
570
5060
4196
2468
7539
4168
9784
9273
4835
7638
4820
6844
1116
9919
130
3837
5257
3985
6901
552
1790
7464
1193
7931
8386
4158
8384
7893
7585
1388
8329
2876
3365
5685
9149
3935
4911
2205
7864
2182
1038
9732
5414
3571
7223
7767
3457
5496
9243
6840
5169
8697
7613
3271
6380
1643
9621
3768
1105
6641
3240
4192
8689
6867
3704
3930
7564
161
6659
6872
39
96
2048
4313
9757
5982
7285
9903
1414
8063
656
2793
9272
5112
1950
3928
7711
9832
3940
3719
1187
8705
6343
1021
2975
1841
6510
6543
243
3490
3849
2938
3830
1845
5040
7932
9461
5131
1599
6490
9681
4247
7093
9954
7604
579
2406
8040
5313
7743
9138
4213
901
1243
8488
251
5041
2080
1259
2731
3425
1716
8208
833
8171
1990
5850
9039
9629
1897
825
7041
2239
725
6253
9852
5905
8193
6453
7922
9232
7967
8239
8704
8563
2580
381
8798
534
671
5987
4909
993
6930
5012
3647
5373
3
1875
3972
1233
1387
2999
4288
9628
1828
3116
2505
7166
225
612
8028
2867
7127
8814
5452
9363
2511
9799
3376
760
6941
987
5781
2174
2459
639
4943
7866
8653
1744
6208
7475
8606
9851
4704
9450
3426
3906
728
1600
4715
1923
6730
3684
5636
6686
6936
1931
5256
2117
2313
9617
4229
3738
6146
8731
1846
1683
8532
2976
9549
6600
4098
2833
5620
5480
3932
6086
2626
9907
6290
974
1459
3850
2155
3001
6379
2325
8343
4855
5077
3679
3957
3301
4816
923
4420
3212
6068
3261
230
4423
3489
6010
1381
1240
7277
4457
841
2901
2062
3354
8324
6788
7081
4324
7047
1220
9485
4880
329
5658
9423
4647
3431
2803
7670
2908
5161
3789
6596
352
6572
5782
5044
4485
4639
6581
8999
4506
4430
7521
8872
9601
213
2739
8398
6398
2084
5550
9324
2227
5071
2395
8371
9131
4811
6352
8640
6657
2350
7858
8275
6118
9398
4674
9940
1849
2631
1456
4404
2653
9884
6252
8933
9379
8958
3869
1792
8094
1773
7050
7390
116
3703
4683
3405
6059
2541
8435
1866
648
5657
5350
3966
4470
9185
7361
1511
9686
8157
7741
3262
9498
3030
9934
4297
4389
4065
9331
6171
1450
2082
4708
8360
6437
300
5238
344
6629
6450
4218
5010
2748
7063
7054
2262
3484
6211
1834
7511
3192
9051
978
2380
4335
8189
2101
3055
429
194
6583
939
1429
8443
2532
7207
505
5457
5809
9551
350
9060
7518
427
4649
9719
9074
8727
2052
6548
9820
2199
964
3282
8110
8506
335
8469
1559
2421
6674
5962
2343
343
2336
5037
5148
5659
1699
6962
8670
6896
8778
9523
6530
2923
6599
206
8489
3511
5727
6149
2013
5524
9221
9471
6438
4575
2398
5743
3487
3894
8113
5671
5216
3632
6363
8382
4724
7163
7190
8105
8392
4120
6219
4469
1655
5126
3144
4333
7124
1741
5562
2729
6163
1376
3078
5375
1088
8461
9729
9337
5139
4311
5444
2619
9035
5698
7639
8501
4554
7007
959
5146
1064
7730
1447
2322
7447
8486
4354
5844
7083
184
6271
3178
6711
5769
3860
9436
6263
2565
105
7794
3439
3294
2597
7643
1457
5094
5162
810
1304
3291
222
1148
1569
8298
1173
2856
365
177
3954
4187
8602
7299
888
9867
2458
2884
5655
3771
5002
4272
9482
3724
2465
185
9952
8247
431
1774
5969
3101
162
9813
7136
7542
1850
6015
8436
1241
7818
3576
5026
1942
4361
3823
6039
9296
5123
8346
7252
289
7061
3814
7350
6370
3905
502
9865
5134
3082
1735
6800
7201
4282
9249
7180
7353
526
6302
8088
7356
6031
3253
4591
4677
3213
4977
7534
4892
2323
3325
1977
4773
6549
5366
2873
9914
3740
8656
7577
2897
3231
9510
7938
3587
650
8753
3921
8304
380
2299
3978
9078
2040
1111
5838
6401
9951
2298
7236
4664
4551
5028
5332
7135
7417
4210
4574
3185
1355
7700
6035
8217
2434
5174
9454
4475
6512
7899
5019
2238
4626
9536
2859
7920
4308
7811
4851
5155
3732
4464
5639
5637
9981
3384
652
306
4072
6387
9747
8472
2680
8906
6841
5963
8929
7182
6963
5613
7805
3775
2845
5013
7204
2712
5630
6314
5402
9209
1034
737
954
3328
1061
3619
4250
449
6200
9228
2621
5984
6361
4202
7620
6927
272
8743
290
1888
1223
8871
414
9857
4590
3455
462
5189
9268
7126
8905
9355
5214
3845
1865
3992
1493
2681
2767
6926
4463
363
7886
7062
9503
5237
2534
7826
6046
7343
3835
4971
7109
67
764
8120
894
144
7113
7665
3139
6952
5340
4670
1756
6245
7327
89
180
5054
5708
6134
3421
9132
6137
3633
2718
5814
3321
2335
6113
1301
2896
5951
1704
5307
5125
9340
8511
7313
4894
2374
2529
5345
7719
4342
2633
4179
6100
3091
75
5542
1664
450
2993
5096
3068
9373
1109
5920
4870
8881
4954
780
5541
4860
4684
8307
7155
3630
3187
8000
1682
2319
7455
454
2906
948
9594
7890
7477
9334
9434
7076
101
328
7048
5453
8292
1286
722
4869
6029
3716
6603
3396
7272
1844
418
9052
8031
4878
1577
4829
5521
4696
7017
6932
8258
6552
8885
2968
3910
242
2593
3778
8474
8787
4294
3403
1226
1365
1752
2348
6273
6672
4584
2036
3727
2146
8061
8938
7768
9669
1106
3841
839
3817
759
5398
1727
7481
4822
8087
4631
2197
3388
9325
1734
4184
2122
6780
6569
8411
6903
6410
9099
1852
7904
7557
8779
7471
5916
1556
1070
5572
4833
1406
1840
5948
1965
6554
6588
3245
5955
423
9690
1344
3880
5928
2552
3639
8166
8167
8100
5785
4532
8042
1445
7552
5649
4989
4805
9361
868
6545
5455
9695
1820
9263
1010
9181
9092
4868
9572
7944
5851
4352
9574
2776
1784
659
2320
2847
2385
9213
7301
9750
2135
7740
8421
38
7878
6011
4355
2039
5715
8552
1611
8388
9843
1568
7755
7955
1067
863
8154
8573
70
5241
9393
7821
7657
5226
877
4338
5765
1747
4999
8391
4004
5464
6755
4572
5664
412
7714
495
6454
5113
3371
3334
1152
6353
1051
3097
3438
6484
4326
7817
693
9873
2985
3971
45
2098
1578
7024
7981
6717
507
1389
862
7208
2365
9618
1909
7703
2917
2704
7415
715
7820
7761
1536
3432
7962
5426
7451
7631
3495
6383
1714
5344
7178
2835
768
724
8904
5691
6214
8855
3609
1425
4180
7498
918
2823
6225
824
5977
100
4745
531
2755
3497
8507
8272
181
6582
8262
8870
8828
8438
5463
4322
1219
443
2995
6159
226
1020
4176
7717
5793
4394
3801
7800
9145
4834
4673
4571
4610
4852
1521
3855
2446
9502
1155
9514
5801
3066
7946
6954
4685
4790
3946
3552
1588
8303
281
4390
1503
6283
4496
2865
1737
1290
5147
6344
3025
3064
9468
9511
4418
168
7554
6324
4498
5827
1306
4200
4245
305
4692
5151
6895
3780
8403
8869
9927
4947
1001
7514
2918
6513
6956
2899
5385
118
3864
7626
407
6551
1829
9575
6413
4209
5440
3705
4922
5046
9129
3516
1679
8312
9529
9761
2708
2600
741
5679
9424
5233
9238
2179
9220
4791
9722
1437
2796
7857
2483
5259
3246
7566
1076
5651
9975
4808
9292
1509
2933
2983
5578
840
8990
2596
2433
7434
9653
1232
254
6885
6518
5833
9016
374
686
9499
2971
8713
4964
9864
765
7804
1930
7256
6859
1156
9065
1570
4143
143
7590
7976
6194
5587
9942
1973
8288
1538
1722
578
3623
1723
5816
1739
4949
3891
5522
8882
7669
643
9598
6075
1954
8442
8284
3733
8583
4492
8319
4586
5996
1150
8921
9308
2000
9460
2555
1583
6919
3075
4244
8549
1625
2328
1550
3539
5213
444
1995
2610
5820
2124
1641
1432
8400
7094
9530
114
5203
4038
4069
9590
6135
4362
53
1594
2077
9455
247
5436
908
642
8810
3963
7184
2616
9200
7541
8439
6242
6354
7045
4580
4051
5735
9118
7411
6521
9256
4127
6261
7304
356
1626
8925
7323
2028
9606
5762
2093
5420
957
3600
4680
4941
3897
1204
8370
2193
3492
2435
1542
3393
1060
3611
6801
1537
5750
6692
1886
9123
775
8920
6335
218
9570
1351
5584
9736
6854
5494
2405
7254
6739
8791
1639
7882
4618
1122
3065
5445
8824
5768
4722
2144
4848
8560
5808
4091
9280
4642
3454
8912
6133
614
7210
6065
5290
9190
2073
6917
5052
475
8315
8296
4064
1880
6870
6884
6524
3205
8077
8845
9166
9164
5596
479
2075
2543
8480
6938
1496
2452
1310
3126
1651
2950
7328
2383
6580
6536
1807
6462
1326
8592
4309
3676
9345
929
5221
8939
1994
871
6070
6162
4305
3734
3520
588
4960
5166
7815
1788
6825
5978
646
7547
1889
5821
9318
44
5209
129
5358
4784
7056
1008
6142
6546
7188
6417
6452
2290
9554
1527
8492
1439
4543
3693
9050
8499
5288
142
7069
587
5380
1089
6408
3589
4953
4963
8821
8889
2154
7225
169
5813
1972
3593
2472
4819
6940
1567
4568
3658
9148
9380
4721
1108
511
5329
6486
2344
4406
3853
8299
7770
7171
6869
9742
8195
7536
7423
492
6418
6574
434
8116
3852
1382
8353
4194
7337
3760
4109
7036
8093
3109
3072
2340
9394
8725
7685
2476
6319
1278
9042
8980
5754
2539
49
535
1124
32
4942
7812
1793
3319
9372
3908
7193
5507
4987
9473
9566
4645
2627
1663
2390
3251
1595
7786
3952
2634
8804
7028
4687
5915
4535
6147
3132
7075
1573
6121
5548
7925
2706
4611
4116
4480
8863
8986
7431
8565
873
1011
3429
3395
7244
731
5178
4344
5638
1520
3549
4260
1795
5901
2815
3087
9427
718
4466
3528
5091
4291
5684
1959
5483
512
9404
8877
176
5666
7693
6240
267
5648
2910
3583
5472
803
1666
5825
5660
1986
5063
8111
1970
9648
7863
4360
7801
7228
6404
2869
2709
553
393
8922
5590
8720
7745
3355
9062
404
2684
1126
9766
2588
6158
7663
3519
2694
6500
4471
9909
6127
191
3368
9217
716
8172
994
1454
586
6836
3698
7537
4170
3342
9309
9840
1318
9026
4789
2979
5149
4576
5509
6239
1123
2128
3217
9824
9326
6047
1084
2215
3226
6499
4290
6995
1042
3870
4049
3056
4908
4467
4462
7737
2622
2430
7879
9885
8840
5625
2382
4599
2650
2747
621
1765
6093
8835
8048
7563
7723
9663
5461
4382
9770
962
5141
6108
2811
4328
478
8522
4662
3562
8700
8612
8357
5343
4952
9002
5766
1199
6676
3298
1277
9130
4504
2081
4538
4648
9506
8367
4068
1480
3889
9467
1660
3638
2842
9093
285
7567
174
6879
7849
1224
175
3941
6092
4243
5609
2027
2946
6081
5732
1036
5025
8287
4609
4188
4608
653
1771
742
9894
7831
6858
4122
5184
9382
9143
1308
19
9587
9313
5198
3526
4410
2105
5700
7942
9479
4933
2304
3233
3221
270
420
8860
4303
2248
1200
4108
1604
1492
538
9665
9724
6535
2230
2592
3340
5640
3505
580
7798
3318
6650
2171
5400
2607
8566
6877
8241
1065
5022
6478
2474
3162
9419
2686
7854
9703
2361
9271
4432
8688
8366
2711
2797
8758
2175
4266
2958
2537
720
421
5832
1236
4733
7211
2065
2064
6018
3699
2741
9960
3215
2962
8314
8374
6356
8508
2948
147
1411
6843
6789
4682
1877
5017
2300
2544
3257
1760
7071
887
3882
8082
4295
9946
7499
3564
2285
9999
1924
9279
8173
6451
6784
895
3729
1566
5803
1929
2057
2109
7443
9146
627
4798
1709
8917
8800
8561
6238
8951
1368
7196
2072
9524
1485
4705
4014
5746
3824
5056
3965
9264
9668
8776
467
6968
1356
3904
8385
8726
9121
2333
9056
3881
7460
1763
3637
6812
6839
3888
3379
5277
2475
922
9442
4015
3625
2286
8281
5397
5843
7087
1922
7963
7694
6558
632
4644
4918
5051
5699
1804
5158
1141
9899
1962
4357
8709
4966
5275
4931
13
2941
2737
4033
9789
261
7387
3652
4284
4447
5503
9897
709
4561
76
861
1205
8212
4421
6748
2724
4104
2221
7666
3377
5007
1135
5512
8006
5547
2972
7261
2332
4490
543
9958
4839
3108
3235
6883
4546
9615
6575
1720
3523
6902
8067
9077
6487
1955
7300
548
9862
9838
6504
3561
6391
2324
7593
7462
2420
341
3042
7640
4124
8581
8711
8648
1237
5903
308
4593
4287
999
8220
5624
8577
9408
457
5543
197
2801
1291
5593
2403
2220
4263
761
5061
9469
2257
8946
1705
490
3137
8789
1014
3631
4472
6532
1461
3209
7676
6623
3961
6972
3983
3980
2391
1561
1448
9837
2761
283
4438
2232
5489
9938
4312
2817
2397
9235
6617
9677
6509
2924
7773
7435
2195
8404
7549
1827
1428
9270
9651
3186
8251
4678
3953
415
6749
9976
8645
1630
7953
5588
4957
5159
6423
3951
3007
7408
7110
605
3009
2327
5904
5601
6337
2758
5775
7934
368
1132
298
6508
1090
3258
2578
5557
1491
872
1766
4938
2186
1843
3603
5799
6105
183
2542
9800
522
5244
3336
6296
4823
9713
1367
1000
3345
4537
2103
3188
717
182
9521
7565
5390
196
8058
2240
2450
6861
9376
9084
5224
7747
6715
5855
733
6495
5033
3404
8451
5493
8765
6141
6987
3029
3515
6052
7966
4920
9991
349
9010
5429
8350
2387
8699
2432
2092
5263
4756
5278
7157
2710
3664
2963
3275
8987
8179
8219
6025
6625
4478
2078
464
4944
6366
7345
229
1786
781
264
5163
4875
4393
2518
6471
211
5518
6831
9260
7491
3239
3018
687
4088
8797
6136
4906
8858
532
8556
3402
7284
8286
8235
8248
2895
3843
8487
4505
7851
670
5235
2743
8691
7412
6540
988
3867
5991
9094
6955
2659
7868
8238
7584
4337
2728
43
1300
7234
1633
2609
7971
6107
5733
9207
5486
7121
8389
8531
3401
3997
3803
5492
2022
7325
8702
5449
6619
1646
9276
7824
6470
6331
137
7610
726
2937
7919
7707
6220
9922
4026
2170
983
3191
1907
8015
6132
7929
5973
6965
9811
8692
6140
7332
6415
3399
7528
3077
1325
5815
7170
1072
2791
5347
2206
4978
7968
7947
2261
8503
3210
4111
4345
7572
7895
8504
9699
711
7002
7194
6179
6505
4446
5678
8799
4737
2422
2775
288
3280
3643
866
108
1743
6126
5009
7446
1115
5428
3206
5258
3006
2245
9937
7776
3034
7291
4606
9177
2861
5932
5152
4753
771
4660
6627
8071
1619
8194
7458
8636
1733
7278
6958
2506
4046
6426
6722
5957
2864
1215
1551
9672
2180
7790
2317
7169
7995
1585
4398
3287
3051
8007
4830
5849
3604
9945
3926
1315
244
2121
3973
5336
5078
9160
7599
6842
7852
7191
3180
2595
2183
5564
7733
9048
3595
3662
883
4443
581
9204
952
3617
917
6441
3263
5839
9941
7954
6598
3902
2752
6186
9104
5173
7530
9929
4879
2855
5908
6381
8992
8336
1050
2139
3545
9889
9614
3166
1214
2988
657
3859
5680
5069
494
3762
1740
1288
8011
3167
7738
912
3481
8078
3230
1127
209
625
5822
9844
8515
6326
9037
6608
9607
4387
7037
9275
6476
8412
4403
95
3606
5668
1202
5448
2735
4214
5794
5888
7933
6761
7103
4283
4351
8521
575
6980
9041
9758
2270
9908
8433
314
7221
1099
7139
4690
1557
6973
4030
3766
1514
122
3680
3844
6364
5021
9357
1207
7575
7029
2347
816
9778
7984
6604
8313
2603
8322
746
2944
5202
4080
9700
1847
3076
6332
3222
2461
3003
9990
2407
1966
9531
6197
5643
6696
4375
378
7504
3171
3833
8943
2198
205
6757
7661
6372
4709
2442
2987
8263
876
7306
8351
5828
1686
8553
5105
5247
391
5629
7476
1531
2991
9501
4558
1357
5744
385
8187
2834
5726
6743
556
8595
2223
3728
6660
5045
8730
1779
9494
6218
2695
8493
7018
8634
5879
9730
5869
2315
7793
2577
1684
4955
4926
4148
9150
1819
5533
4627
9445
9805
7428
4607
8017
5035
2514
2055
8124
4224
4945
5583
5361
5049
5929
628
6796
3141
5435
8829
8072
6816
83
4534
3686
9588
7598
8178
9451
2085
7472
4013
6419
2386
2777
2928
4207
8318
7394
3713
1451
1960
3968
8332
7956
3476
6664
2375
5085
5824
1933
6765
7742
146
6635
2229
9992
7053
4549
4515
892
8131
7622
5597
1338
3242
6819
1817
8147
6057
7098
9332
1802
5940
5776
8624
1347
21
5187
2520
7346
8151
8665
1182
9988
5234
6637
7847
7615
995
3522
6824
2637
4697
7506
5197
1037
2804
1484
6786
6388
2572
7432
7574
9368
2658
3919
7582
4123
7120
5474
3036
972
2806
2816
446
1606
6124
4728
6073
320
615
1309
5805
4488
2492
6098
3816
4377
1755
9709
6931
3557
7591
2533
4836
1402
7699
160
3739
1142
2480
4399
9591
3937
7581
6222
5683
4613
6125
8320
2049
3936
8395
265
1830
57
9508
2277
4965
2231
212
9091
3585
4241
8471
618
870
1328
3715
4689
1032
9110
4559
5756
607
4193
9063
4802
6721
2846
8182
1133
9972
6360
8373
8949
8264
4093
9569
8484
9754
4895
8527
5229
8847
7555
7116
599
125
6228
6753
3177
8209
882
675
6128
1673
5459
9630
4646
3736
2037
4277
5003
9522
6898
7363
7147
8901
4019
1853
4118
4307
4208
5675
5617
278
5558
5124
1339
1547
4099
6457
4484
3214
3382
2288
7662
4431
6184
6491
6736
5595
8309
7993
387
606
5006
1110
2584
9745
4054
6502
6083
3692
7775
9237
4165
9679
9904
798
58
8638
8323
852
4563
8259
4010
8969
4230
3826
9935
8344
6775
539
8834
1825
8143
1887
5382
3697
2026
4539
4888
4477
8842
9711
6837
6747
2339
3546
208
9186
9223
4502
3190
8536
6293
8962
3781
9683
7181
4077
8305
6050
9746
6979
7006
8642
6421
965
1161
1177
9446
3976
4817
3812
1928
416
5602
5615
3285
8546
274
9120
881
3131
2367
6038
1525
2019
1728
7099
5545
826
7987
5886
5931
6553
517
6792
7874
7145
1324
9072
4562
1927
3731
2308
1044
9227
3179
4667
8092
9258
3913
7758
